35.8,-2.96,3000,0.00228911610474067
35.8,-2.96,-1800,0.00322313345010595
35.8,-2.96,-6600,0.00669120194408087
35.8,-2.96,-11400,0.00622020143901739
35.8,-2.96,-16200,0.00161896172761527
35.8,-2.96,-21000,0.00137275236577722
35.8,-2.91272727272727,3000,0.000129153377623459
35.8,-2.91272727272727,-1800,-0.000960753914669054
35.8,-2.91272727272727,-6600,0.00438941008616343
35.8,-2.91272727272727,-11400,0.0027860788694878
35.8,-2.91272727272727,-16200,0.00290246820344207
35.8,-2.91272727272727,-21000,0.0010304403253144
35.8,-2.86545454545455,3000,0.00196754963384005
35.8,-2.86545454545455,-1800,-0.00150127346085945
35.8,-2.86545454545455,-6600,0.00520103889683319
35.8,-2.86545454545455,-11400,0.0026007573197749
35.8,-2.86545454545455,-16200,0.00162654236265412
35.8,-2.86545454545455,-21000,0.00147135188067792
35.8,-2.81818181818182,3000,0.00370442623896779
35.8,-2.81818181818182,-1800,0.00499341930435712
35.8,-2.81818181818182,-6600,0.00514048891884838
35.8,-2.81818181818182,-11400,0.003792045897491
35.8,-2.81818181818182,-16200,0.000993805341821076
35.8,-2.81818181818182,-21000,-0.000212461873050959
35.8,-2.77090909090909,3000,0.00297349104321864
35.8,-2.77090909090909,-1800,0.00269107486190913
35.8,-2.77090909090909,-6600,0.00285519693742263
35.8,-2.77090909090909,-11400,0.00293250998423747
35.8,-2.77090909090909,-16200,0.00175400795020181
35.8,-2.77090909090909,-21000,-0.000682620694568513
35.8,-2.72363636363636,3000,0.00414194335786105
35.8,-2.72363636363636,-1800,0.00418779760151609
35.8,-2.72363636363636,-6600,0.00348085682838028
35.8,-2.72363636363636,-11400,0.00328474417956023
35.8,-2.72363636363636,-16200,0.00238139459795033
35.8,-2.72363636363636,-21000,-0.00103820565894704
35.8,-2.67636363636364,3000,0.00338859957763368
35.8,-2.67636363636364,-1800,0.00388229174933083
35.8,-2.67636363636364,-6600,0.00430594820796774
35.8,-2.67636363636364,-11400,0.00248054525879503
35.8,-2.67636363636364,-16200,0.000496420883808003
35.8,-2.67636363636364,-21000,-0.00074022558590004
35.8,-2.62909090909091,3000,0.00180855514636187
35.8,-2.62909090909091,-1800,0.00164375203012631
35.8,-2.62909090909091,-6600,0.00170185429056064
35.8,-2.62909090909091,-11400,0.000851168550783017
35.8,-2.62909090909091,-16200,8.94993643759299e-05
35.8,-2.62909090909091,-21000,-0.000102258865283373
35.8,-2.58181818181818,3000,0.0019542506549056
35.8,-2.58181818181818,-1800,0.00170566087711495
35.8,-2.58181818181818,-6600,0.000707572793189672
35.8,-2.58181818181818,-11400,0.000428372459994281
35.8,-2.58181818181818,-16200,0.000632328856875357
35.8,-2.58181818181818,-21000,1.73367853361541e-05
35.8,-2.53454545454545,3000,0.00142842000279584
35.8,-2.53454545454545,-1800,0.00151555775876113
35.8,-2.53454545454545,-6600,0.000959316016374857
35.8,-2.53454545454545,-11400,0.000867173258549364
35.8,-2.53454545454545,-16200,0.00101326625418206
35.8,-2.53454545454545,-21000,-7.17602958736947e-05
35.8,-2.48727272727273,3000,0.00142494954183188
35.8,-2.48727272727273,-1800,0.00139320563532494
35.8,-2.48727272727273,-6600,0.00125791923932209
35.8,-2.48727272727273,-11400,0.00106836125455368
35.8,-2.48727272727273,-16200,5.62329497664378e-05
35.8,-2.48727272727273,-21000,-0.000180822391961107
35.8,-2.44,3000,3.15896972205753e-05
35.8,-2.44,-1800,6.64926900915436e-05
35.8,-2.44,-6600,-0.000147235789843065
35.8,-2.44,-11400,-0.000369742085018455
35.8,-2.44,-16200,-0.000252105464420018
35.8,-2.44,-21000,0.000346288518474416
35.8418181818182,-2.96,3000,0.00133407062438346
35.8418181818182,-2.96,-1800,0.00455301742022202
35.8418181818182,-2.96,-6600,0.00651693295847778
35.8418181818182,-2.96,-11400,-0.000791916295027314
35.8418181818182,-2.96,-16200,0.00163814623196109
35.8418181818182,-2.96,-21000,0.00166937275480755
35.8418181818182,-2.91272727272727,3000,-0.000487727766325548
35.8418181818182,-2.91272727272727,-1800,0.00156152547170685
35.8418181818182,-2.91272727272727,-6600,0.00108976517315644
35.8418181818182,-2.91272727272727,-11400,0.000355299034524967
35.8418181818182,-2.91272727272727,-16200,0.00282979102995691
35.8418181818182,-2.91272727272727,-21000,0.00198472366673483
35.8418181818182,-2.86545454545455,3000,0.0021191143623731
35.8418181818182,-2.86545454545455,-1800,0.000140683189482922
35.8418181818182,-2.86545454545455,-6600,0.00415766727857604
35.8418181818182,-2.86545454545455,-11400,0.00428024269277648
35.8418181818182,-2.86545454545455,-16200,0.00258710193346422
35.8418181818182,-2.86545454545455,-21000,0.000937047635663879
35.8418181818182,-2.81818181818182,3000,0.00377145091135503
35.8418181818182,-2.81818181818182,-1800,0.00128860880031222
35.8418181818182,-2.81818181818182,-6600,0.00372244392441962
35.8418181818182,-2.81818181818182,-11400,0.00236385273981586
35.8418181818182,-2.81818181818182,-16200,0.00484475590687556
35.8418181818182,-2.81818181818182,-21000,0.000188935401701955
35.8418181818182,-2.77090909090909,3000,0.00599449065529495
35.8418181818182,-2.77090909090909,-1800,0.00349976801818725
35.8418181818182,-2.77090909090909,-6600,0.00303066672328561
35.8418181818182,-2.77090909090909,-11400,0.00260456048190147
35.8418181818182,-2.77090909090909,-16200,0.00363731439585292
35.8418181818182,-2.77090909090909,-21000,0.000713530128468831
35.8418181818182,-2.72363636363636,3000,0.00107120736893068
35.8418181818182,-2.72363636363636,-1800,0.00374078348499624
35.8418181818182,-2.72363636363636,-6600,0.00417988597696551
35.8418181818182,-2.72363636363636,-11400,0.00419723642483056
35.8418181818182,-2.72363636363636,-16200,0.00393550755814863
35.8418181818182,-2.72363636363636,-21000,0.0017160888210692
35.8418181818182,-2.67636363636364,3000,0.00181523466696631
35.8418181818182,-2.67636363636364,-1800,0.00408731978788012
35.8418181818182,-2.67636363636364,-6600,0.00456657473657363
35.8418181818182,-2.67636363636364,-11400,0.00473785670551718
35.8418181818182,-2.67636363636364,-16200,0.00319204385320442
35.8418181818182,-2.67636363636364,-21000,0.000438470163415478
35.8418181818182,-2.62909090909091,3000,0.00312564775047044
35.8418181818182,-2.62909090909091,-1800,0.00307789139360882
35.8418181818182,-2.62909090909091,-6600,0.0022810040752811
35.8418181818182,-2.62909090909091,-11400,0.00414656590638637
35.8418181818182,-2.62909090909091,-16200,0.00211222396272834
35.8418181818182,-2.62909090909091,-21000,0.00113683316620156
35.8418181818182,-2.58181818181818,3000,0.00504410129989994
35.8418181818182,-2.58181818181818,-1800,0.00190713264233056
35.8418181818182,-2.58181818181818,-6600,0.00259733437282408
35.8418181818182,-2.58181818181818,-11400,0.00432972462930158
35.8418181818182,-2.58181818181818,-16200,0.00322800321862292
35.8418181818182,-2.58181818181818,-21000,0.000648007637350575
35.8418181818182,-2.53454545454545,3000,0.00760284021189345
35.8418181818182,-2.53454545454545,-1800,0.00471561438013657
35.8418181818182,-2.53454545454545,-6600,0.00397984298923653
35.8418181818182,-2.53454545454545,-11400,0.00371408238984846
35.8418181818182,-2.53454545454545,-16200,0.00151918113932088
35.8418181818182,-2.53454545454545,-21000,0.000589235329994684
35.8418181818182,-2.48727272727273,3000,0.00272280147458927
35.8418181818182,-2.48727272727273,-1800,0.00273119267509227
35.8418181818182,-2.48727272727273,-6600,0.00272361718914384
35.8418181818182,-2.48727272727273,-11400,0.00221700543063512
35.8418181818182,-2.48727272727273,-16200,0.000960833178065728
35.8418181818182,-2.48727272727273,-21000,-0.000119602686508436
35.8418181818182,-2.44,3000,0.00182592815965146
35.8418181818182,-2.44,-1800,0.00200485217282386
35.8418181818182,-2.44,-6600,0.00170296554545646
35.8418181818182,-2.44,-11400,0.000944659870901674
35.8418181818182,-2.44,-16200,-0.000231277725931083
35.8418181818182,-2.44,-21000,-0.000261038462857148
35.8836363636364,-2.96,3000,0.00129248460193814
35.8836363636364,-2.96,-1800,0.00225950865691015
35.8836363636364,-2.96,-6600,0.00147604338388411
35.8836363636364,-2.96,-11400,0.00306612600693766
35.8836363636364,-2.96,-16200,0.00297318566737613
35.8836363636364,-2.96,-21000,0.00164478525370867
35.8836363636364,-2.91272727272727,3000,0.000800976331226695
35.8836363636364,-2.91272727272727,-1800,0.00323681699780887
35.8836363636364,-2.91272727272727,-6600,0.00641434193462778
35.8836363636364,-2.91272727272727,-11400,0.00348943920991941
35.8836363636364,-2.91272727272727,-16200,0.001529068777326
35.8836363636364,-2.91272727272727,-21000,0.00235867184206307
35.8836363636364,-2.86545454545455,3000,0.00282158169143543
35.8836363636364,-2.86545454545455,-1800,-0.000464897965725145
35.8836363636364,-2.86545454545455,-6600,0.00899192487579649
35.8836363636364,-2.86545454545455,-11400,0.00684366103374538
35.8836363636364,-2.86545454545455,-16200,0.00377519391063774
35.8836363636364,-2.86545454545455,-21000,0.000645076374016198
35.8836363636364,-2.81818181818182,3000,0.0117550687729562
35.8836363636364,-2.81818181818182,-1800,0.00321816922677143
35.8836363636364,-2.81818181818182,-6600,0.00371500163722319
35.8836363636364,-2.81818181818182,-11400,0.0081442813665937
35.8836363636364,-2.81818181818182,-16200,0.00342048404618425
35.8836363636364,-2.81818181818182,-21000,0.00358733833124655
35.8836363636364,-2.77090909090909,3000,0.00602699464007007
35.8836363636364,-2.77090909090909,-1800,0.00321800608920935
35.8836363636364,-2.77090909090909,-6600,-0.00283301929393864
35.8836363636364,-2.77090909090909,-11400,0.00514376546878804
35.8836363636364,-2.77090909090909,-16200,0.00413324567773759
35.8836363636364,-2.77090909090909,-21000,0.00286599105472826
35.8836363636364,-2.72363636363636,3000,0.00579839104643262
35.8836363636364,-2.72363636363636,-1800,0.000270686615942336
35.8836363636364,-2.72363636363636,-6600,0.000877945125844266
35.8836363636364,-2.72363636363636,-11400,0.00768543134165269
35.8836363636364,-2.72363636363636,-16200,0.00506451307072892
35.8836363636364,-2.72363636363636,-21000,0.0035789266719965
35.8836363636364,-2.67636363636364,3000,0.00334440461387665
35.8836363636364,-2.67636363636364,-1800,0.002663041701254
35.8836363636364,-2.67636363636364,-6600,0.00282901503144861
35.8836363636364,-2.67636363636364,-11400,0.00518781773713509
35.8836363636364,-2.67636363636364,-16200,0.00389098213082113
35.8836363636364,-2.67636363636364,-21000,0.00308918695136103
35.8836363636364,-2.62909090909091,3000,0.007345740430844
35.8836363636364,-2.62909090909091,-1800,0.00527194960772671
35.8836363636364,-2.62909090909091,-6600,0.00578725810939917
35.8836363636364,-2.62909090909091,-11400,0.00334043580293347
35.8836363636364,-2.62909090909091,-16200,0.0055237155648555
35.8836363636364,-2.62909090909091,-21000,0.00368344970088367
35.8836363636364,-2.58181818181818,3000,0.00450256117209099
35.8836363636364,-2.58181818181818,-1800,0.001193904877432
35.8836363636364,-2.58181818181818,-6600,0.00237522211827435
35.8836363636364,-2.58181818181818,-11400,0.00151847848257323
35.8836363636364,-2.58181818181818,-16200,0.00424973477829416
35.8836363636364,-2.58181818181818,-21000,0.00294328770578782
35.8836363636364,-2.53454545454545,3000,0.00662145898180295
35.8836363636364,-2.53454545454545,-1800,0.0024568586266132
35.8836363636364,-2.53454545454545,-6600,0.00257431473035839
35.8836363636364,-2.53454545454545,-11400,0.00419168364278309
35.8836363636364,-2.53454545454545,-16200,0.0022549236023688
35.8836363636364,-2.53454545454545,-21000,0.00114782068391392
35.8836363636364,-2.48727272727273,3000,0.00408642541836168
35.8836363636364,-2.48727272727273,-1800,0.0042800624407622
35.8836363636364,-2.48727272727273,-6600,0.00453436053210776
35.8836363636364,-2.48727272727273,-11400,0.00319672180108924
35.8836363636364,-2.48727272727273,-16200,0.00105229410357014
35.8836363636364,-2.48727272727273,-21000,0.000207353842915337
35.8836363636364,-2.44,3000,0.00449401636825632
35.8836363636364,-2.44,-1800,0.00433781666648863
35.8836363636364,-2.44,-6600,0.00390380779974182
35.8836363636364,-2.44,-11400,0.00254900403706965
35.8836363636364,-2.44,-16200,0.00125294292154084
35.8836363636364,-2.44,-21000,-7.94896358243218e-05
35.9254545454545,-2.96,3000,0.00187412419746329
35.9254545454545,-2.96,-1800,0.00123443529780402
35.9254545454545,-2.96,-6600,-0.00100365432879956
35.9254545454545,-2.96,-11400,0.00294116961992044
35.9254545454545,-2.96,-16200,0.0038779187251444
35.9254545454545,-2.96,-21000,0.00215311801709955
35.9254545454545,-2.91272727272727,3000,0.00234877268946625
35.9254545454545,-2.91272727272727,-1800,0.00217488019588265
35.9254545454545,-2.91272727272727,-6600,0.00263219500721462
35.9254545454545,-2.91272727272727,-11400,0.00243609968222861
35.9254545454545,-2.91272727272727,-16200,0.00184106153385364
35.9254545454545,-2.91272727272727,-21000,0.00270585169103304
35.9254545454545,-2.86545454545455,3000,0.00147694563949421
35.9254545454545,-2.86545454545455,-1800,0.00127341246693453
35.9254545454545,-2.86545454545455,-6600,0.0029661835368312
35.9254545454545,-2.86545454545455,-11400,0.00152104407680438
35.9254545454545,-2.86545454545455,-16200,0.00181968364223606
35.9254545454545,-2.86545454545455,-21000,0.00177130742343314
35.9254545454545,-2.81818181818182,3000,0.0101641106028314
35.9254545454545,-2.81818181818182,-1800,0.00294094885017222
35.9254545454545,-2.81818181818182,-6600,0.00488425815547962
35.9254545454545,-2.81818181818182,-11400,0.00877110542185179
35.9254545454545,-2.81818181818182,-16200,0.00266089577176792
35.9254545454545,-2.81818181818182,-21000,0.00171813461752648
35.9254545454545,-2.77090909090909,3000,0.000622751053147124
35.9254545454545,-2.77090909090909,-1800,0.00237954886149566
35.9254545454545,-2.77090909090909,-6600,0.00369775498138365
35.9254545454545,-2.77090909090909,-11400,0.00282945078128057
35.9254545454545,-2.77090909090909,-16200,0.00341680276648618
35.9254545454545,-2.77090909090909,-21000,0.00123893660828035
35.9254545454545,-2.72363636363636,3000,0.0124105576590678
35.9254545454545,-2.72363636363636,-1800,0.00183658068485041
35.9254545454545,-2.72363636363636,-6600,-0.00230694785953835
35.9254545454545,-2.72363636363636,-11400,0.000485343436381231
35.9254545454545,-2.72363636363636,-16200,0.00193528032818733
35.9254545454545,-2.72363636363636,-21000,0.0030205326556746
35.9254545454545,-2.67636363636364,3000,0.00926997669359286
35.9254545454545,-2.67636363636364,-1800,0.00163794175885733
35.9254545454545,-2.67636363636364,-6600,0.000924225411931724
35.9254545454545,-2.67636363636364,-11400,0.00380715720801303
35.9254545454545,-2.67636363636364,-16200,0.00378600276483376
35.9254545454545,-2.67636363636364,-21000,0.00422926020985237
35.9254545454545,-2.62909090909091,3000,0.00179857343667473
35.9254545454545,-2.62909090909091,-1800,0.00127895434639433
35.9254545454545,-2.62909090909091,-6600,0.00425556035890433
35.9254545454545,-2.62909090909091,-11400,0.00508709027319236
35.9254545454545,-2.62909090909091,-16200,0.00642413977458725
35.9254545454545,-2.62909090909091,-21000,0.00551888179971199
35.9254545454545,-2.58181818181818,3000,0.00187623518848113
35.9254545454545,-2.58181818181818,-1800,0.00216111949801219
35.9254545454545,-2.58181818181818,-6600,0.00484862646931135
35.9254545454545,-2.58181818181818,-11400,0.00226131049569017
35.9254545454545,-2.58181818181818,-16200,0.00326174953787831
35.9254545454545,-2.58181818181818,-21000,0.00308423919333066
35.9254545454545,-2.53454545454545,3000,0.0010506046631446
35.9254545454545,-2.53454545454545,-1800,0.00128152619244105
35.9254545454545,-2.53454545454545,-6600,0.00137773993225801
35.9254545454545,-2.53454545454545,-11400,1.8684357239217e-05
35.9254545454545,-2.53454545454545,-16200,0.000588208449863083
35.9254545454545,-2.53454545454545,-21000,0.00226763763338535
35.9254545454545,-2.48727272727273,3000,0.00346314949418394
35.9254545454545,-2.48727272727273,-1800,0.00377000279806359
35.9254545454545,-2.48727272727273,-6600,0.00552370467902667
35.9254545454545,-2.48727272727273,-11400,0.00487384626451742
35.9254545454545,-2.48727272727273,-16200,0.00287289343953389
35.9254545454545,-2.48727272727273,-21000,0.00156588584569904
35.9254545454545,-2.44,3000,0.00429932838421169
35.9254545454545,-2.44,-1800,0.00417905196217397
35.9254545454545,-2.44,-6600,0.00479937936483494
35.9254545454545,-2.44,-11400,0.00429738019135804
35.9254545454545,-2.44,-16200,0.00219155304323451
35.9254545454545,-2.44,-21000,0.00103795819649174
35.9672727272727,-2.96,3000,0.0015704835235208
35.9672727272727,-2.96,-1800,0.00223325010935185
35.9672727272727,-2.96,-6600,0.00420178718182562
35.9672727272727,-2.96,-11400,0.00521312190658189
35.9672727272727,-2.96,-16200,0.00475833221553438
35.9672727272727,-2.96,-21000,0.00224876754368877
35.9672727272727,-2.91272727272727,3000,0.00238597140771164
35.9672727272727,-2.91272727272727,-1800,0.00246501894617714
35.9672727272727,-2.91272727272727,-6600,0.0065642162885438
35.9672727272727,-2.91272727272727,-11400,0.00441526391281448
35.9672727272727,-2.91272727272727,-16200,0.00153986100863874
35.9672727272727,-2.91272727272727,-21000,0.00288039364014824
35.9672727272727,-2.86545454545455,3000,0.00583060046033486
35.9672727272727,-2.86545454545455,-1800,0.000530715020405544
35.9672727272727,-2.86545454545455,-6600,-0.000904805904412702
35.9672727272727,-2.86545454545455,-11400,0.00224115512349723
35.9672727272727,-2.86545454545455,-16200,0.00264175328786244
35.9672727272727,-2.86545454545455,-21000,0.000894247071084809
35.9672727272727,-2.81818181818182,3000,0.00832712169211083
35.9672727272727,-2.81818181818182,-1800,-0.000173489238016375
35.9672727272727,-2.81818181818182,-6600,0.00245200818661396
35.9672727272727,-2.81818181818182,-11400,0.00425925030414214
35.9672727272727,-2.81818181818182,-16200,0.00247906976630499
35.9672727272727,-2.81818181818182,-21000,0.00122018518405525
35.9672727272727,-2.77090909090909,3000,0.00763627430444282
35.9672727272727,-2.77090909090909,-1800,0.00432457037574084
35.9672727272727,-2.77090909090909,-6600,0.00354189192393905
35.9672727272727,-2.77090909090909,-11400,0.00329791119564634
35.9672727272727,-2.77090909090909,-16200,0.00148793873220114
35.9672727272727,-2.77090909090909,-21000,0.000437691735811516
35.9672727272727,-2.72363636363636,3000,0.0104059087382244
35.9672727272727,-2.72363636363636,-1800,0.00338292427695389
35.9672727272727,-2.72363636363636,-6600,-0.00128714674318418
35.9672727272727,-2.72363636363636,-11400,5.65682312700769e-06
35.9672727272727,-2.72363636363636,-16200,-0.000700505735881503
35.9672727272727,-2.72363636363636,-21000,0.000792985212151853
35.9672727272727,-2.67636363636364,3000,0.00037802644539526
35.9672727272727,-2.67636363636364,-1800,0.00304041618249132
35.9672727272727,-2.67636363636364,-6600,0.00317462176685922
35.9672727272727,-2.67636363636364,-11400,0.00547903142153503
35.9672727272727,-2.67636363636364,-16200,0.00334671215472659
35.9672727272727,-2.67636363636364,-21000,0.00141912664660038
35.9672727272727,-2.62909090909091,3000,0.00182114146562692
35.9672727272727,-2.62909090909091,-1800,0.00283878034563034
35.9672727272727,-2.62909090909091,-6600,0.00385258265475218
35.9672727272727,-2.62909090909091,-11400,0.00512942804083637
35.9672727272727,-2.62909090909091,-16200,0.00513820094154579
35.9672727272727,-2.62909090909091,-21000,0.00155135392570629
35.9672727272727,-2.58181818181818,3000,0.000578926856425995
35.9672727272727,-2.58181818181818,-1800,0.000293998325899339
35.9672727272727,-2.58181818181818,-6600,0.00138401075567107
35.9672727272727,-2.58181818181818,-11400,0.00362678032363339
35.9672727272727,-2.58181818181818,-16200,0.00318811784772311
35.9672727272727,-2.58181818181818,-21000,0.00293798597854229
35.9672727272727,-2.53454545454545,3000,0.000560350334481402
35.9672727272727,-2.53454545454545,-1800,0.000553654648202699
35.9672727272727,-2.53454545454545,-6600,0.00172079385407642
35.9672727272727,-2.53454545454545,-11400,0.000590294076078647
35.9672727272727,-2.53454545454545,-16200,0.00178384373388014
35.9672727272727,-2.53454545454545,-21000,0.00476634927961625
35.9672727272727,-2.48727272727273,3000,0.00238272822535271
35.9672727272727,-2.48727272727273,-1800,0.00296094773441596
35.9672727272727,-2.48727272727273,-6600,0.0035355413911896
35.9672727272727,-2.48727272727273,-11400,0.00531106074504982
35.9672727272727,-2.48727272727273,-16200,0.0053978204856591
35.9672727272727,-2.48727272727273,-21000,0.00314189793855298
35.9672727272727,-2.44,3000,0.00410025429402672
35.9672727272727,-2.44,-1800,0.00412346903761639
35.9672727272727,-2.44,-6600,0.00406581582232699
35.9672727272727,-2.44,-11400,0.0051808514801017
35.9672727272727,-2.44,-16200,0.00336229066425562
35.9672727272727,-2.44,-21000,0.00188624293220173
36.0090909090909,-2.96,3000,0.00123752037639437
36.0090909090909,-2.96,-1800,0.00330632534315722
36.0090909090909,-2.96,-6600,0.00443414057197203
36.0090909090909,-2.96,-11400,0.00462711126864042
36.0090909090909,-2.96,-16200,0.000270700288157435
36.0090909090909,-2.96,-21000,0.00210188815347627
36.0090909090909,-2.91272727272727,3000,0.00137395766340592
36.0090909090909,-2.91272727272727,-1800,0.00253416967483617
36.0090909090909,-2.91272727272727,-6600,0.00814583864390872
36.0090909090909,-2.91272727272727,-11400,0.00600950962973687
36.0090909090909,-2.91272727272727,-16200,0.000392098268141695
36.0090909090909,-2.91272727272727,-21000,0.00134286812555566
36.0090909090909,-2.86545454545455,3000,0.00339204095212701
36.0090909090909,-2.86545454545455,-1800,0.000400665174442368
36.0090909090909,-2.86545454545455,-6600,7.27789764956979e-05
36.0090909090909,-2.86545454545455,-11400,0.00363030050484915
36.0090909090909,-2.86545454545455,-16200,0.0035032450622194
36.0090909090909,-2.86545454545455,-21000,0.00195471117474053
36.0090909090909,-2.81818181818182,3000,0.00550483684646557
36.0090909090909,-2.81818181818182,-1800,-0.000834899915032784
36.0090909090909,-2.81818181818182,-6600,-0.000706800093972738
36.0090909090909,-2.81818181818182,-11400,0.00861791438305216
36.0090909090909,-2.81818181818182,-16200,0.00609515390482303
36.0090909090909,-2.81818181818182,-21000,0.00085221758238132
36.0090909090909,-2.77090909090909,3000,0.00293862266566527
36.0090909090909,-2.77090909090909,-1800,0.00424318016411397
36.0090909090909,-2.77090909090909,-6600,0.0024991303408477
36.0090909090909,-2.77090909090909,-11400,0.0104131958245209
36.0090909090909,-2.77090909090909,-16200,0.00632361098653886
36.0090909090909,-2.77090909090909,-21000,0.000672481038751624
36.0090909090909,-2.72363636363636,3000,0.00569716162460346
36.0090909090909,-2.72363636363636,-1800,0.000516709659930743
36.0090909090909,-2.72363636363636,-6600,0.00180074186635451
36.0090909090909,-2.72363636363636,-11400,0.00349854150381004
36.0090909090909,-2.72363636363636,-16200,-0.000416079947106192
36.0090909090909,-2.72363636363636,-21000,-0.000735003356881842
36.0090909090909,-2.67636363636364,3000,0.00430210703637178
36.0090909090909,-2.67636363636364,-1800,0.00466154149612045
36.0090909090909,-2.67636363636364,-6600,0.00432701016990799
36.0090909090909,-2.67636363636364,-11400,0.00290295514066685
36.0090909090909,-2.67636363636364,-16200,0.00207437656495365
36.0090909090909,-2.67636363636364,-21000,-0.00162130513538344
36.0090909090909,-2.62909090909091,3000,0.00648009432731838
36.0090909090909,-2.62909090909091,-1800,0.00465970605805626
36.0090909090909,-2.62909090909091,-6600,0.00397535600761102
36.0090909090909,-2.62909090909091,-11400,0.00309522808655524
36.0090909090909,-2.62909090909091,-16200,-0.000508490500761599
36.0090909090909,-2.62909090909091,-21000,0.000665426082713129
36.0090909090909,-2.58181818181818,3000,0.0100700963728106
36.0090909090909,-2.58181818181818,-1800,0.00471014778789368
36.0090909090909,-2.58181818181818,-6600,0.00179751388616373
36.0090909090909,-2.58181818181818,-11400,0.00223098948999202
36.0090909090909,-2.58181818181818,-16200,0.000198169824597949
36.0090909090909,-2.58181818181818,-21000,0.00200422949133543
36.0090909090909,-2.53454545454545,3000,0.0013214728511014
36.0090909090909,-2.53454545454545,-1800,0.00364082342418016
36.0090909090909,-2.53454545454545,-6600,0.00427572114565077
36.0090909090909,-2.53454545454545,-11400,0.0074229122148509
36.0090909090909,-2.53454545454545,-16200,0.00395622182446761
36.0090909090909,-2.53454545454545,-21000,0.00507392761319266
36.0090909090909,-2.48727272727273,3000,0.000265965392377357
36.0090909090909,-2.48727272727273,-1800,0.00106285081808854
36.0090909090909,-2.48727272727273,-6600,0.00314402685349527
36.0090909090909,-2.48727272727273,-11400,0.00489856926215976
36.0090909090909,-2.48727272727273,-16200,0.00528788771775476
36.0090909090909,-2.48727272727273,-21000,0.00477075873164283
36.0090909090909,-2.44,3000,0.00362739883196303
36.0090909090909,-2.44,-1800,0.00382731412078727
36.0090909090909,-2.44,-6600,0.00441764786021929
36.0090909090909,-2.44,-11400,0.00495055832042963
36.0090909090909,-2.44,-16200,0.0045598205471784
36.0090909090909,-2.44,-21000,0.00248322190859954
36.0509090909091,-2.96,3000,-6.29730340489903e-06
36.0509090909091,-2.96,-1800,0.000339768184967228
36.0509090909091,-2.96,-6600,0.00132100558981152
36.0509090909091,-2.96,-11400,0.00174540054102085
36.0509090909091,-2.96,-16200,0.00122321885850354
36.0509090909091,-2.96,-21000,0.00270290820026085
36.0509090909091,-2.91272727272727,3000,0.000490087642562024
36.0509090909091,-2.91272727272727,-1800,0.00156645766546151
36.0509090909091,-2.91272727272727,-6600,0.00230052566481126
36.0509090909091,-2.91272727272727,-11400,0.00105830530792141
36.0509090909091,-2.91272727272727,-16200,-0.000679843283646352
36.0509090909091,-2.91272727272727,-21000,0.00220259519967848
36.0509090909091,-2.86545454545455,3000,0.00281821332266039
36.0509090909091,-2.86545454545455,-1800,0.00307721311236887
36.0509090909091,-2.86545454545455,-6600,0.00339093721344795
36.0509090909091,-2.86545454545455,-11400,0.00395082676847162
36.0509090909091,-2.86545454545455,-16200,0.00575780733188576
36.0509090909091,-2.86545454545455,-21000,0.00282770016274605
36.0509090909091,-2.81818181818182,3000,0.00720239122105553
36.0509090909091,-2.81818181818182,-1800,0.00321646117877967
36.0509090909091,-2.81818181818182,-6600,-0.000132748291217688
36.0509090909091,-2.81818181818182,-11400,0.00470113196478641
36.0509090909091,-2.81818181818182,-16200,0.00523218950829992
36.0509090909091,-2.81818181818182,-21000,0.000861276328489368
36.0509090909091,-2.77090909090909,3000,0.00646415833267278
36.0509090909091,-2.77090909090909,-1800,0.00406395653984256
36.0509090909091,-2.77090909090909,-6600,0.000486146536907787
36.0509090909091,-2.77090909090909,-11400,0.00639471826103916
36.0509090909091,-2.77090909090909,-16200,0.000861617752641094
36.0509090909091,-2.77090909090909,-21000,-0.002816459733926
36.0509090909091,-2.72363636363636,3000,0.0003842483047977
36.0509090909091,-2.72363636363636,-1800,-0.00165544759045113
36.0509090909091,-2.72363636363636,-6600,0.00710953491936873
36.0509090909091,-2.72363636363636,-11400,0.0108599642673409
36.0509090909091,-2.72363636363636,-16200,0.0024908980172872
36.0509090909091,-2.72363636363636,-21000,-0.00392243792482506
36.0509090909091,-2.67636363636364,3000,0.00352909620383115
36.0509090909091,-2.67636363636364,-1800,0.00262283879988929
36.0509090909091,-2.67636363636364,-6600,-0.000933351694763178
36.0509090909091,-2.67636363636364,-11400,0.00534470790162177
36.0509090909091,-2.67636363636364,-16200,0.000141289486912326
36.0509090909091,-2.67636363636364,-21000,-0.00272624797049705
36.0509090909091,-2.62909090909091,3000,0.00570219963501081
36.0509090909091,-2.62909090909091,-1800,0.00252307951355969
36.0509090909091,-2.62909090909091,-6600,0.00196587178621599
36.0509090909091,-2.62909090909091,-11400,0.00220596655645471
36.0509090909091,-2.62909090909091,-16200,0.000264537568466775
36.0509090909091,-2.62909090909091,-21000,-0.00113231786961211
36.0509090909091,-2.58181818181818,3000,0.00658914280624377
36.0509090909091,-2.58181818181818,-1800,0.00524224132892078
36.0509090909091,-2.58181818181818,-6600,0.00429305746568282
36.0509090909091,-2.58181818181818,-11400,0.001861807154129
36.0509090909091,-2.58181818181818,-16200,-0.00100245285167953
36.0509090909091,-2.58181818181818,-21000,0.000159167485323711
36.0509090909091,-2.53454545454545,3000,-0.00318323255450123
36.0509090909091,-2.53454545454545,-1800,0.00472334046580303
36.0509090909091,-2.53454545454545,-6600,0.00660603542490112
36.0509090909091,-2.53454545454545,-11400,0.00476783184733483
36.0509090909091,-2.53454545454545,-16200,0.00117793404183948
36.0509090909091,-2.53454545454545,-21000,0.00478779661763223
36.0509090909091,-2.48727272727273,3000,-0.00396414708849975
36.0509090909091,-2.48727272727273,-1800,0.00065114312570852
36.0509090909091,-2.48727272727273,-6600,-0.000619657201137051
36.0509090909091,-2.48727272727273,-11400,0.00225272431878048
36.0509090909091,-2.48727272727273,-16200,0.00509427487032255
36.0509090909091,-2.48727272727273,-21000,0.00546720467137749
36.0509090909091,-2.44,3000,0.00221805563579379
36.0509090909091,-2.44,-1800,0.00204958622379845
36.0509090909091,-2.44,-6600,0.00348781286437405
36.0509090909091,-2.44,-11400,0.00476308885888089
36.0509090909091,-2.44,-16200,0.00531322373287123
36.0509090909091,-2.44,-21000,0.00310901523969412
36.0927272727273,-2.96,3000,-0.00114966388847743
36.0927272727273,-2.96,-1800,-0.000558772282412438
36.0927272727273,-2.96,-6600,0.000369204044789339
36.0927272727273,-2.96,-11400,0.00157721145596304
36.0927272727273,-2.96,-16200,0.00289006479092964
36.0927272727273,-2.96,-21000,0.00256306830515293
36.0927272727273,-2.91272727272727,3000,-0.000823227643498204
36.0927272727273,-2.91272727272727,-1800,0.000206771048302731
36.0927272727273,-2.91272727272727,-6600,1.11457418570358e-06
36.0927272727273,-2.91272727272727,-11400,-0.00123336265098115
36.0927272727273,-2.91272727272727,-16200,0.000573637494220123
36.0927272727273,-2.91272727272727,-21000,0.00319633536923171
36.0927272727273,-2.86545454545455,3000,0.000862166763215966
36.0927272727273,-2.86545454545455,-1800,0.00211030144105146
36.0927272727273,-2.86545454545455,-6600,0.00454680696957787
36.0927272727273,-2.86545454545455,-11400,0.00554157935645335
36.0927272727273,-2.86545454545455,-16200,0.00137198506513926
36.0927272727273,-2.86545454545455,-21000,0.00113881691700767
36.0927272727273,-2.81818181818182,3000,0.0024653737063021
36.0927272727273,-2.81818181818182,-1800,0.00280944344095375
36.0927272727273,-2.81818181818182,-6600,0.00305803569762327
36.0927272727273,-2.81818181818182,-11400,0.00497513246248504
36.0927272727273,-2.81818181818182,-16200,0.00519890028127022
36.0927272727273,-2.81818181818182,-21000,-0.000489069711851714
36.0927272727273,-2.77090909090909,3000,0.00567179172575708
36.0927272727273,-2.77090909090909,-1800,0.00488556324724218
36.0927272727273,-2.77090909090909,-6600,-0.0014421315040946
36.0927272727273,-2.77090909090909,-11400,0.00580781853893847
36.0927272727273,-2.77090909090909,-16200,0.00222740301160976
36.0927272727273,-2.77090909090909,-21000,-0.000558947534566294
36.0927272727273,-2.72363636363636,3000,0.00424112523021501
36.0927272727273,-2.72363636363636,-1800,0.00323172907490713
36.0927272727273,-2.72363636363636,-6600,0.00482684698303899
36.0927272727273,-2.72363636363636,-11400,0.00448788896509896
36.0927272727273,-2.72363636363636,-16200,0.00247189227102964
36.0927272727273,-2.72363636363636,-21000,-0.00121630671385202
36.0927272727273,-2.67636363636364,3000,0.000707734464153829
36.0927272727273,-2.67636363636364,-1800,-0.000793039957032326
36.0927272727273,-2.67636363636364,-6600,0.00270475926959248
36.0927272727273,-2.67636363636364,-11400,0.00454700660595633
36.0927272727273,-2.67636363636364,-16200,-0.000323644083682281
36.0927272727273,-2.67636363636364,-21000,0.000273333973461959
36.0927272727273,-2.62909090909091,3000,0.00410149634267918
36.0927272727273,-2.62909090909091,-1800,-0.00417530540643811
36.0927272727273,-2.62909090909091,-6600,-0.00137417058572537
36.0927272727273,-2.62909090909091,-11400,0.00196408947869722
36.0927272727273,-2.62909090909091,-16200,-0.000281256485192892
36.0927272727273,-2.62909090909091,-21000,-0.00131091707038161
36.0927272727273,-2.58181818181818,3000,0.00294797250778389
36.0927272727273,-2.58181818181818,-1800,0.00375589833078996
36.0927272727273,-2.58181818181818,-6600,0.00395081207932288
36.0927272727273,-2.58181818181818,-11400,0.00286275324601073
36.0927272727273,-2.58181818181818,-16200,-0.00181616760938724
36.0927272727273,-2.58181818181818,-21000,0.000110388401322451
36.0927272727273,-2.53454545454545,3000,-0.000976976545083433
36.0927272727273,-2.53454545454545,-1800,0.00345531115772245
36.0927272727273,-2.53454545454545,-6600,0.0124558226808883
36.0927272727273,-2.53454545454545,-11400,0.00332413645884928
36.0927272727273,-2.53454545454545,-16200,0.00103120935325062
36.0927272727273,-2.53454545454545,-21000,0.00465341502803168
36.0927272727273,-2.48727272727273,3000,-0.000667027241050386
36.0927272727273,-2.48727272727273,-1800,0.00326649560453806
36.0927272727273,-2.48727272727273,-6600,0.00357622449016327
36.0927272727273,-2.48727272727273,-11400,0.00260524863106423
36.0927272727273,-2.48727272727273,-16200,0.00374319549866979
36.0927272727273,-2.48727272727273,-21000,0.00515777879269648
36.0927272727273,-2.44,3000,0.00178472477348658
36.0927272727273,-2.44,-1800,0.0018728288168489
36.0927272727273,-2.44,-6600,0.00269587386973829
36.0927272727273,-2.44,-11400,0.00426981521653848
36.0927272727273,-2.44,-16200,0.00502126065762807
36.0927272727273,-2.44,-21000,0.00324495570930344
36.1345454545455,-2.96,3000,-0.00015571978367195
36.1345454545455,-2.96,-1800,0.000571680682902903
36.1345454545455,-2.96,-6600,0.00143975299605304
36.1345454545455,-2.96,-11400,0.0021151431619853
36.1345454545455,-2.96,-16200,0.00240030229091377
36.1345454545455,-2.96,-21000,0.00150940717459975
36.1345454545455,-2.91272727272727,3000,-0.000368092652472487
36.1345454545455,-2.91272727272727,-1800,0.000681136621750604
36.1345454545455,-2.91272727272727,-6600,0.00107921648082454
36.1345454545455,-2.91272727272727,-11400,-3.2884625887337e-05
36.1345454545455,-2.91272727272727,-16200,0.00174774672459044
36.1345454545455,-2.91272727272727,-21000,0.00226686357853299
36.1345454545455,-2.86545454545455,3000,0.00231273079429686
36.1345454545455,-2.86545454545455,-1800,0.00390974902776726
36.1345454545455,-2.86545454545455,-6600,0.00515488475114784
36.1345454545455,-2.86545454545455,-11400,0.00221962697405505
36.1345454545455,-2.86545454545455,-16200,-0.000508019174820807
36.1345454545455,-2.86545454545455,-21000,0.00154463517166043
36.1345454545455,-2.81818181818182,3000,0.00345022888063296
36.1345454545455,-2.81818181818182,-1800,0.00429677171031688
36.1345454545455,-2.81818181818182,-6600,0.00449894023675095
36.1345454545455,-2.81818181818182,-11400,0.00749035217220886
36.1345454545455,-2.81818181818182,-16200,0.00285482780065673
36.1345454545455,-2.81818181818182,-21000,-0.000708215154729099
36.1345454545455,-2.77090909090909,3000,0.00382402404328428
36.1345454545455,-2.77090909090909,-1800,0.00517761928020831
36.1345454545455,-2.77090909090909,-6600,0.000734952411944595
36.1345454545455,-2.77090909090909,-11400,0.00378589349666676
36.1345454545455,-2.77090909090909,-16200,0.00218289879376463
36.1345454545455,-2.77090909090909,-21000,-0.000864442951077007
36.1345454545455,-2.72363636363636,3000,0.00778726319790292
36.1345454545455,-2.72363636363636,-1800,0.00295873983078846
36.1345454545455,-2.72363636363636,-6600,0.0039707814537211
36.1345454545455,-2.72363636363636,-11400,0.00347398186746445
36.1345454545455,-2.72363636363636,-16200,0.00155063623323987
36.1345454545455,-2.72363636363636,-21000,-5.11325365182467e-06
36.1345454545455,-2.67636363636364,3000,0.00184424993471703
36.1345454545455,-2.67636363636364,-1800,0.00108903531198096
36.1345454545455,-2.67636363636364,-6600,0.00231035890416214
36.1345454545455,-2.67636363636364,-11400,0.00327073621539954
36.1345454545455,-2.67636363636364,-16200,0.00234767587589765
36.1345454545455,-2.67636363636364,-21000,0.000631090331256005
36.1345454545455,-2.62909090909091,3000,0.00229182658283254
36.1345454545455,-2.62909090909091,-1800,0.00321451627439931
36.1345454545455,-2.62909090909091,-6600,0.0054130702797487
36.1345454545455,-2.62909090909091,-11400,0.0024802036044123
36.1345454545455,-2.62909090909091,-16200,0.00113535368508628
36.1345454545455,-2.62909090909091,-21000,-0.00027874618943966
36.1345454545455,-2.58181818181818,3000,0.00722471138489411
36.1345454545455,-2.58181818181818,-1800,-0.00191679014378242
36.1345454545455,-2.58181818181818,-6600,0.00193365442199562
36.1345454545455,-2.58181818181818,-11400,0.00236037946399624
36.1345454545455,-2.58181818181818,-16200,-0.00111296302597478
36.1345454545455,-2.58181818181818,-21000,0.00219905941377389
36.1345454545455,-2.53454545454545,3000,-0.000489925304112313
36.1345454545455,-2.53454545454545,-1800,0.000355225249921287
36.1345454545455,-2.53454545454545,-6600,0.00235566917895831
36.1345454545455,-2.53454545454545,-11400,0.00161692805361459
36.1345454545455,-2.53454545454545,-16200,0.00290981553620411
36.1345454545455,-2.53454545454545,-21000,0.00369671395443334
36.1345454545455,-2.48727272727273,3000,0.00203551313929614
36.1345454545455,-2.48727272727273,-1800,0.0032529817545246
36.1345454545455,-2.48727272727273,-6600,0.00347963377511972
36.1345454545455,-2.48727272727273,-11400,0.00318032779119114
36.1345454545455,-2.48727272727273,-16200,0.00317114761788744
36.1345454545455,-2.48727272727273,-21000,0.00469471742952159
36.1345454545455,-2.44,3000,0.00197744785840481
36.1345454545455,-2.44,-1800,0.00224498337175571
36.1345454545455,-2.44,-6600,0.00303138362408524
36.1345454545455,-2.44,-11400,0.00442406480869768
36.1345454545455,-2.44,-16200,0.00465883802511595
36.1345454545455,-2.44,-21000,0.00138507545137871
36.1763636363636,-2.96,3000,0.000678202852610878
36.1763636363636,-2.96,-1800,0.00134898448636489
36.1763636363636,-2.96,-6600,0.00201752696727609
36.1763636363636,-2.96,-11400,0.00280510738386632
36.1763636363636,-2.96,-16200,0.00180823962142774
36.1763636363636,-2.96,-21000,0.00111423958638079
36.1763636363636,-2.91272727272727,3000,-0.00152690002047712
36.1763636363636,-2.91272727272727,-1800,0.000967275507153946
36.1763636363636,-2.91272727272727,-6600,0.00377762312492196
36.1763636363636,-2.91272727272727,-11400,0.00242431136168256
36.1763636363636,-2.91272727272727,-16200,0.00166456861224003
36.1763636363636,-2.91272727272727,-21000,0.000839124062713587
36.1763636363636,-2.86545454545455,3000,0.00243815424161128
36.1763636363636,-2.86545454545455,-1800,0.00596474350500802
36.1763636363636,-2.86545454545455,-6600,0.0140817015034554
36.1763636363636,-2.86545454545455,-11400,0.0036474239955618
36.1763636363636,-2.86545454545455,-16200,0.00064188545256337
36.1763636363636,-2.86545454545455,-21000,0.00052891509285774
36.1763636363636,-2.81818181818182,3000,0.00286517236723129
36.1763636363636,-2.81818181818182,-1800,0.00346460341528835
36.1763636363636,-2.81818181818182,-6600,0.00493607844105599
36.1763636363636,-2.81818181818182,-11400,0.00458470731221737
36.1763636363636,-2.81818181818182,-16200,0.00181049275436255
36.1763636363636,-2.81818181818182,-21000,-0.000661486111710583
36.1763636363636,-2.77090909090909,3000,0.00233195759039534
36.1763636363636,-2.77090909090909,-1800,0.00286976323662685
36.1763636363636,-2.77090909090909,-6600,0.000997143627687343
36.1763636363636,-2.77090909090909,-11400,0.00191033627462538
36.1763636363636,-2.77090909090909,-16200,0.0017756546194981
36.1763636363636,-2.77090909090909,-21000,-0.00201202406401842
36.1763636363636,-2.72363636363636,3000,0.0101299232196772
36.1763636363636,-2.72363636363636,-1800,0.0048513161502645
36.1763636363636,-2.72363636363636,-6600,0.00334858980023035
36.1763636363636,-2.72363636363636,-11400,0.00197343677192769
36.1763636363636,-2.72363636363636,-16200,0.000677081896007408
36.1763636363636,-2.72363636363636,-21000,-0.00141919653251907
36.1763636363636,-2.67636363636364,3000,0.00750631613310072
36.1763636363636,-2.67636363636364,-1800,0.00622004672838706
36.1763636363636,-2.67636363636364,-6600,0.00398731407782236
36.1763636363636,-2.67636363636364,-11400,0.00298436117807589
36.1763636363636,-2.67636363636364,-16200,0.000487747445105476
36.1763636363636,-2.67636363636364,-21000,-0.00134088201443547
36.1763636363636,-2.62909090909091,3000,-0.000731514331130901
36.1763636363636,-2.62909090909091,-1800,0.0126831992878426
36.1763636363636,-2.62909090909091,-6600,0.0105218275322908
36.1763636363636,-2.62909090909091,-11400,0.00353586294257404
36.1763636363636,-2.62909090909091,-16200,0.00228286684020947
36.1763636363636,-2.62909090909091,-21000,-0.00190286260101429
36.1763636363636,-2.58181818181818,3000,0.00125385236483379
36.1763636363636,-2.58181818181818,-1800,0.00150980876622616
36.1763636363636,-2.58181818181818,-6600,0.00435179515722423
36.1763636363636,-2.58181818181818,-11400,0.00382640319159708
36.1763636363636,-2.58181818181818,-16200,0.00191892755122672
36.1763636363636,-2.58181818181818,-21000,0.00119085175226548
36.1763636363636,-2.53454545454545,3000,0.00204079861822016
36.1763636363636,-2.53454545454545,-1800,0.00450786662759922
36.1763636363636,-2.53454545454545,-6600,0.00483362371331486
36.1763636363636,-2.53454545454545,-11400,0.003987014546047
36.1763636363636,-2.53454545454545,-16200,0.00341808115835469
36.1763636363636,-2.53454545454545,-21000,0.0021170847094912
36.1763636363636,-2.48727272727273,3000,0.00390692745686686
36.1763636363636,-2.48727272727273,-1800,0.00393714214038622
36.1763636363636,-2.48727272727273,-6600,0.00330176065170712
36.1763636363636,-2.48727272727273,-11400,0.00405249575263031
36.1763636363636,-2.48727272727273,-16200,0.00451984383800415
36.1763636363636,-2.48727272727273,-21000,0.00183359546720373
36.1763636363636,-2.44,3000,0.00298783924009455
36.1763636363636,-2.44,-1800,0.00387809156210291
36.1763636363636,-2.44,-6600,0.00401733067730379
36.1763636363636,-2.44,-11400,0.00430386210657683
36.1763636363636,-2.44,-16200,0.00219574393395808
36.1763636363636,-2.44,-21000,-0.000422759035787336
36.2181818181818,-2.96,3000,0.00100915135176389
36.2181818181818,-2.96,-1800,0.00133886453153066
36.2181818181818,-2.96,-6600,0.00186885586906734
36.2181818181818,-2.96,-11400,0.00186085692805546
36.2181818181818,-2.96,-16200,0.00133716155502025
36.2181818181818,-2.96,-21000,0
36.2181818181818,-2.91272727272727,3000,-0.000633046935393129
36.2181818181818,-2.91272727272727,-1800,0.00131920811953496
36.2181818181818,-2.91272727272727,-6600,0.00474833422023141
36.2181818181818,-2.91272727272727,-11400,0.0021356505842344
36.2181818181818,-2.91272727272727,-16200,0.00111968722750325
36.2181818181818,-2.91272727272727,-21000,0.00112719303529882
36.2181818181818,-2.86545454545455,3000,0.000918345078676412
36.2181818181818,-2.86545454545455,-1800,0.00457242339109868
36.2181818181818,-2.86545454545455,-6600,0.0133865789141876
36.2181818181818,-2.86545454545455,-11400,0.00258756400404784
36.2181818181818,-2.86545454545455,-16200,-0.000194912669227409
36.2181818181818,-2.86545454545455,-21000,0.000212931505145929
36.2181818181818,-2.81818181818182,3000,0.00399403418781507
36.2181818181818,-2.81818181818182,-1800,0.00556118654367446
36.2181818181818,-2.81818181818182,-6600,0.00619238215474318
36.2181818181818,-2.81818181818182,-11400,0.00325225010095219
36.2181818181818,-2.81818181818182,-16200,-0.001362931817496
36.2181818181818,-2.81818181818182,-21000,-0.000707878712514981
36.2181818181818,-2.77090909090909,3000,0.00204781075742458
36.2181818181818,-2.77090909090909,-1800,0.00202109881283562
36.2181818181818,-2.77090909090909,-6600,0.00147948529125837
36.2181818181818,-2.77090909090909,-11400,0.0026717310893852
36.2181818181818,-2.77090909090909,-16200,-0.00029486547666783
36.2181818181818,-2.77090909090909,-21000,-0.00142586768872848
36.2181818181818,-2.72363636363636,3000,0.00242632802901416
36.2181818181818,-2.72363636363636,-1800,0.000460700062218505
36.2181818181818,-2.72363636363636,-6600,0.000820516433165962
36.2181818181818,-2.72363636363636,-11400,0.001949350904977
36.2181818181818,-2.72363636363636,-16200,0.00022658208989643
36.2181818181818,-2.72363636363636,-21000,-0.00250739323830624
36.2181818181818,-2.67636363636364,3000,0.00240990087923253
36.2181818181818,-2.67636363636364,-1800,0.00338934667878972
36.2181818181818,-2.67636363636364,-6600,0.00306807605271552
36.2181818181818,-2.67636363636364,-11400,0.000598324331380341
36.2181818181818,-2.67636363636364,-16200,-0.000248140904590168
36.2181818181818,-2.67636363636364,-21000,-0.00167399112688261
36.2181818181818,-2.62909090909091,3000,0.0013666058062536
36.2181818181818,-2.62909090909091,-1800,0.00448416767192804
36.2181818181818,-2.62909090909091,-6600,0.00360794014489273
36.2181818181818,-2.62909090909091,-11400,0.00307639783966085
36.2181818181818,-2.62909090909091,-16200,-0.000450917053522965
36.2181818181818,-2.62909090909091,-21000,-0.000834063652069976
36.2181818181818,-2.58181818181818,3000,0.00247261258951746
36.2181818181818,-2.58181818181818,-1800,0.00445903521009759
36.2181818181818,-2.58181818181818,-6600,0.0052163559750536
36.2181818181818,-2.58181818181818,-11400,0.00306444429807589
36.2181818181818,-2.58181818181818,-16200,0.000623045839755476
36.2181818181818,-2.58181818181818,-21000,0.000196925973772717
36.2181818181818,-2.53454545454545,3000,0.00144595345495291
36.2181818181818,-2.53454545454545,-1800,0.00277229303432566
36.2181818181818,-2.53454545454545,-6600,0.00460386926366459
36.2181818181818,-2.53454545454545,-11400,0.00724835262182259
36.2181818181818,-2.53454545454545,-16200,0.00296575437231265
36.2181818181818,-2.53454545454545,-21000,0.00064951675229905
36.2181818181818,-2.48727272727273,3000,0.00282840207632698
36.2181818181818,-2.48727272727273,-1800,0.00367546840056261
36.2181818181818,-2.48727272727273,-6600,0.00489651975759658
36.2181818181818,-2.48727272727273,-11400,0.00581953393603522
36.2181818181818,-2.48727272727273,-16200,0.00169107726306076
36.2181818181818,-2.48727272727273,-21000,-0.000196143842152596
36.2181818181818,-2.44,3000,0.00138415310751454
36.2181818181818,-2.44,-1800,0.00169979952397793
36.2181818181818,-2.44,-6600,0.00193142461081152
36.2181818181818,-2.44,-11400,0.000976565976307707
36.2181818181818,-2.44,-16200,0.000202673144723439
36.2181818181818,-2.44,-21000,-0.000330129270655804
36.26,-2.96,3000,0.000779808964859937
36.26,-2.96,-1800,0.00102769753679093
36.26,-2.96,-6600,0.00122711592574591
36.26,-2.96,-11400,0.00132283048354381
36.26,-2.96,-16200,0
36.26,-2.96,-21000,0
36.26,-2.91272727272727,3000,0.000365405244728178
36.26,-2.91272727272727,-1800,0.00080705382805125
36.26,-2.91272727272727,-6600,0.00160588296033339
36.26,-2.91272727272727,-11400,0.00142039277051799
36.26,-2.91272727272727,-16200,0.0014045707438537
36.26,-2.91272727272727,-21000,0
36.26,-2.86545454545455,3000,-0.00217893212383988
36.26,-2.86545454545455,-1800,-0.00092736255220778
36.26,-2.86545454545455,-6600,0.000363401206759267
36.26,-2.86545454545455,-11400,1.35043952293664e-05
36.26,-2.86545454545455,-16200,0.000530492302065766
36.26,-2.86545454545455,-21000,0.0011677577192601
36.26,-2.81818181818182,3000,-0.000481203661294796
36.26,-2.81818181818182,-1800,0.00118378979783174
36.26,-2.81818181818182,-6600,-0.000239427945270137
36.26,-2.81818181818182,-11400,-0.00176424965275089
36.26,-2.81818181818182,-16200,-0.000490352304776666
36.26,-2.81818181818182,-21000,0.000554168685969409
36.26,-2.77090909090909,3000,0.00255055990324414
36.26,-2.77090909090909,-1800,0.00250197095702506
36.26,-2.77090909090909,-6600,0.00149967918373305
36.26,-2.77090909090909,-11400,-0.000655349057986637
36.26,-2.77090909090909,-16200,-0.00152801061434686
36.26,-2.77090909090909,-21000,0.000137772527952085
36.26,-2.72363636363636,3000,0.00220156279249233
36.26,-2.72363636363636,-1800,0.00241026161771712
36.26,-2.72363636363636,-6600,0.00145099258296975
36.26,-2.72363636363636,-11400,0.000635783672467003
36.26,-2.72363636363636,-16200,-0.00188187142108699
36.26,-2.72363636363636,-21000,0.000612630048688754
36.26,-2.67636363636364,3000,0.000725983441962938
36.26,-2.67636363636364,-1800,0.000773445390891267
36.26,-2.67636363636364,-6600,0.00133097599348362
36.26,-2.67636363636364,-11400,0.00098673923004187
36.26,-2.67636363636364,-16200,-0.00151864313821813
36.26,-2.67636363636364,-21000,8.566387430979e-05
36.26,-2.62909090909091,3000,-0.000229967344667336
36.26,-2.62909090909091,-1800,0.000715033765218671
36.26,-2.62909090909091,-6600,0.00131147466780044
36.26,-2.62909090909091,-11400,0.000974394866446681
36.26,-2.62909090909091,-16200,-0.000725851041167143
36.26,-2.62909090909091,-21000,-7.0773202247594e-05
36.26,-2.58181818181818,3000,0.000692302975252683
36.26,-2.58181818181818,-1800,0.0012620041409354
36.26,-2.58181818181818,-6600,0.00148872061275349
36.26,-2.58181818181818,-11400,0.000329249027055472
36.26,-2.58181818181818,-16200,0.000570294245198182
36.26,-2.58181818181818,-21000,-0.000128007235043579
36.26,-2.53454545454545,3000,0.000767605063531934
36.26,-2.53454545454545,-1800,0.00128606604141104
36.26,-2.53454545454545,-6600,0.00185330612793816
36.26,-2.53454545454545,-11400,0.00184854691237657
36.26,-2.53454545454545,-16200,0.000778182125395293
36.26,-2.53454545454545,-21000,-5.41190686117116e-05
36.26,-2.48727272727273,3000,0.000851371794791977
36.26,-2.48727272727273,-1800,0.000805054226756365
36.26,-2.48727272727273,-6600,0.000957049091108133
36.26,-2.48727272727273,-11400,0.000877270226761196
36.26,-2.48727272727273,-16200,0.000227652926080305
36.26,-2.48727272727273,-21000,-1.73203182817555e-05
36.26,-2.44,3000,-0.00053091339100522
36.26,-2.44,-1800,-0.000348008416073731
36.26,-2.44,-6600,-0.000280003443953637
36.26,-2.44,-11400,0.000112682474273351
36.26,-2.44,-16200,-6.36574199936886e-05
36.26,-2.44,-21000,0.000281401875080013
