35.8,-2.96,3000,0,0
35.8,-2.96,-1800,0,0
35.8,-2.96,-6600,0,0
35.8,-2.96,-11400,0.121796289106063,1
35.8,-2.96,-16200,-0.105065303833585,5
35.8,-2.96,-21000,0,0
35.8,-2.91272727272727,3000,0,0
35.8,-2.91272727272727,-1800,0,0
35.8,-2.91272727272727,-6600,0.325335299396866,4
35.8,-2.91272727272727,-11400,0.105677316088388,18
35.8,-2.91272727272727,-16200,0.152445057177765,4
35.8,-2.91272727272727,-21000,0,0
35.8,-2.86545454545455,3000,0,0
35.8,-2.86545454545455,-1800,0.271519101392213,1
35.8,-2.86545454545455,-6600,0.0352814927458759,16
35.8,-2.86545454545455,-11400,0.082228674766468,62
35.8,-2.86545454545455,-16200,0.0307947009879336,3
35.8,-2.86545454545455,-21000,0,0
35.8,-2.81818181818182,3000,0,0
35.8,-2.81818181818182,-1800,0,0
35.8,-2.81818181818182,-6600,0.127935859375721,5
35.8,-2.81818181818182,-11400,0.0869175879457479,11
35.8,-2.81818181818182,-16200,0,0
35.8,-2.81818181818182,-21000,0,0
35.8,-2.77090909090909,3000,0,0
35.8,-2.77090909090909,-1800,0,0
35.8,-2.77090909090909,-6600,0.250694266792873,1
35.8,-2.77090909090909,-11400,0,0
35.8,-2.77090909090909,-16200,0,0
35.8,-2.77090909090909,-21000,0,0
35.8,-2.72363636363636,3000,0,0
35.8,-2.72363636363636,-1800,0,0
35.8,-2.72363636363636,-6600,0,0
35.8,-2.72363636363636,-11400,0,0
35.8,-2.72363636363636,-16200,0,0
35.8,-2.72363636363636,-21000,0,0
35.8,-2.67636363636364,3000,0,0
35.8,-2.67636363636364,-1800,0,0
35.8,-2.67636363636364,-6600,0,0
35.8,-2.67636363636364,-11400,0,0
35.8,-2.67636363636364,-16200,0,0
35.8,-2.67636363636364,-21000,0,0
35.8,-2.62909090909091,3000,0,0
35.8,-2.62909090909091,-1800,0,0
35.8,-2.62909090909091,-6600,0,0
35.8,-2.62909090909091,-11400,0.416508309798855,1
35.8,-2.62909090909091,-16200,0,0
35.8,-2.62909090909091,-21000,0,0
35.8,-2.58181818181818,3000,0,0
35.8,-2.58181818181818,-1800,0,0
35.8,-2.58181818181818,-6600,0,0
35.8,-2.58181818181818,-11400,0.250473631947924,4
35.8,-2.58181818181818,-16200,0,0
35.8,-2.58181818181818,-21000,0,0
35.8,-2.53454545454545,3000,0,0
35.8,-2.53454545454545,-1800,0,0
35.8,-2.53454545454545,-6600,0,0
35.8,-2.53454545454545,-11400,0,0
35.8,-2.53454545454545,-16200,0,0
35.8,-2.53454545454545,-21000,0,0
35.8,-2.48727272727273,3000,0,0
35.8,-2.48727272727273,-1800,0,0
35.8,-2.48727272727273,-6600,0,0
35.8,-2.48727272727273,-11400,0,0
35.8,-2.48727272727273,-16200,0,0
35.8,-2.48727272727273,-21000,0,0
35.8,-2.44,3000,0,0
35.8,-2.44,-1800,0,0
35.8,-2.44,-6600,0,0
35.8,-2.44,-11400,0,0
35.8,-2.44,-16200,0,0
35.8,-2.44,-21000,0,0
35.8418181818182,-2.96,3000,0,0
35.8418181818182,-2.96,-1800,0,0
35.8418181818182,-2.96,-6600,0,0
35.8418181818182,-2.96,-11400,0.00591037175788662,54
35.8418181818182,-2.96,-16200,0.0072826844813899,30
35.8418181818182,-2.96,-21000,0,0
35.8418181818182,-2.91272727272727,3000,0,0
35.8418181818182,-2.91272727272727,-1800,0,0
35.8418181818182,-2.91272727272727,-6600,0.113627430935744,4
35.8418181818182,-2.91272727272727,-11400,0.0292511051103207,63
35.8418181818182,-2.91272727272727,-16200,0.0386829528406236,15
35.8418181818182,-2.91272727272727,-21000,0,0
35.8418181818182,-2.86545454545455,3000,0,0
35.8418181818182,-2.86545454545455,-1800,0.105554907414759,7
35.8418181818182,-2.86545454545455,-6600,-0.00949651966994297,90
35.8418181818182,-2.86545454545455,-11400,0.0488809910578615,245
35.8418181818182,-2.86545454545455,-16200,0.0329347179476108,13
35.8418181818182,-2.86545454545455,-21000,0,0
35.8418181818182,-2.81818181818182,3000,0,0
35.8418181818182,-2.81818181818182,-1800,-0.0889548049673047,35
35.8418181818182,-2.81818181818182,-6600,0.016305558445661,150
35.8418181818182,-2.81818181818182,-11400,0.0474521392528,149
35.8418181818182,-2.81818181818182,-16200,0.0362886322240433,1
35.8418181818182,-2.81818181818182,-21000,0,0
35.8418181818182,-2.77090909090909,3000,0,0
35.8418181818182,-2.77090909090909,-1800,-0.0661326832431128,459
35.8418181818182,-2.77090909090909,-6600,0.046051217184599,87
35.8418181818182,-2.77090909090909,-11400,0.172680167664797,25
35.8418181818182,-2.77090909090909,-16200,0,0
35.8418181818182,-2.77090909090909,-21000,0,0
35.8418181818182,-2.72363636363636,3000,0,0
35.8418181818182,-2.72363636363636,-1800,0.126444526553296,65
35.8418181818182,-2.72363636363636,-6600,0.16888247865414,31
35.8418181818182,-2.72363636363636,-11400,0.289035672577018,5
35.8418181818182,-2.72363636363636,-16200,0,0
35.8418181818182,-2.72363636363636,-21000,0,0
35.8418181818182,-2.67636363636364,3000,0,0
35.8418181818182,-2.67636363636364,-1800,-0.0717353710363925,324
35.8418181818182,-2.67636363636364,-6600,0.184411092496862,13
35.8418181818182,-2.67636363636364,-11400,0.252825464744251,3
35.8418181818182,-2.67636363636364,-16200,0,0
35.8418181818182,-2.67636363636364,-21000,0,0
35.8418181818182,-2.62909090909091,3000,0,0
35.8418181818182,-2.62909090909091,-1800,0.108675787114094,82
35.8418181818182,-2.62909090909091,-6600,0.172962371984691,16
35.8418181818182,-2.62909090909091,-11400,0.18733155065046,3
35.8418181818182,-2.62909090909091,-16200,0,0
35.8418181818182,-2.62909090909091,-21000,0,0
35.8418181818182,-2.58181818181818,3000,0,0
35.8418181818182,-2.58181818181818,-1800,0.0152941169232819,261
35.8418181818182,-2.58181818181818,-6600,-0.224115576011453,2
35.8418181818182,-2.58181818181818,-11400,0.0605748653494744,4
35.8418181818182,-2.58181818181818,-16200,-0.317004559836619,4
35.8418181818182,-2.58181818181818,-21000,0,0
35.8418181818182,-2.53454545454545,3000,0,0
35.8418181818182,-2.53454545454545,-1800,0,0
35.8418181818182,-2.53454545454545,-6600,0,0
35.8418181818182,-2.53454545454545,-11400,0,0
35.8418181818182,-2.53454545454545,-16200,0,0
35.8418181818182,-2.53454545454545,-21000,0,0
35.8418181818182,-2.48727272727273,3000,0,0
35.8418181818182,-2.48727272727273,-1800,0,0
35.8418181818182,-2.48727272727273,-6600,0,0
35.8418181818182,-2.48727272727273,-11400,0,0
35.8418181818182,-2.48727272727273,-16200,0,0
35.8418181818182,-2.48727272727273,-21000,0,0
35.8418181818182,-2.44,3000,0,0
35.8418181818182,-2.44,-1800,0,0
35.8418181818182,-2.44,-6600,0,0
35.8418181818182,-2.44,-11400,0,0
35.8418181818182,-2.44,-16200,0,0
35.8418181818182,-2.44,-21000,0,0
35.8836363636364,-2.96,3000,0,0
35.8836363636364,-2.96,-1800,0,0
35.8836363636364,-2.96,-6600,0.0732490267958073,27
35.8836363636364,-2.96,-11400,0.0323011719215917,95
35.8836363636364,-2.96,-16200,0.0749182219894968,16
35.8836363636364,-2.96,-21000,0,0
35.8836363636364,-2.91272727272727,3000,0,0
35.8836363636364,-2.91272727272727,-1800,0.0909907650378884,1
35.8836363636364,-2.91272727272727,-6600,0.0456208562975728,43
35.8836363636364,-2.91272727272727,-11400,0.015122292039478,134
35.8836363636364,-2.91272727272727,-16200,0.0823590483171621,20
35.8836363636364,-2.91272727272727,-21000,0,0
35.8836363636364,-2.86545454545455,3000,0,0
35.8836363636364,-2.86545454545455,-1800,0.104956239689233,58
35.8836363636364,-2.86545454545455,-6600,0.0400890753399444,137
35.8836363636364,-2.86545454545455,-11400,0.0539880475527282,238
35.8836363636364,-2.86545454545455,-16200,0.102456967851426,26
35.8836363636364,-2.86545454545455,-21000,0,0
35.8836363636364,-2.81818181818182,3000,0,0
35.8836363636364,-2.81818181818182,-1800,0.0387586190265548,239
35.8836363636364,-2.81818181818182,-6600,0.0407431465445589,221
35.8836363636364,-2.81818181818182,-11400,0.0425684194228592,363
35.8836363636364,-2.81818181818182,-16200,0.00790003919121496,151
35.8836363636364,-2.81818181818182,-21000,0,0
35.8836363636364,-2.77090909090909,3000,0,0
35.8836363636364,-2.77090909090909,-1800,-0.0319414073721114,417
35.8836363636364,-2.77090909090909,-6600,0.0168526137572453,241
35.8836363636364,-2.77090909090909,-11400,0.0181636524470018,211
35.8836363636364,-2.77090909090909,-16200,-0.0248579471926215,85
35.8836363636364,-2.77090909090909,-21000,0,0
35.8836363636364,-2.72363636363636,3000,0,0
35.8836363636364,-2.72363636363636,-1800,-0.0966640237083105,287
35.8836363636364,-2.72363636363636,-6600,-0.0215594838748978,189
35.8836363636364,-2.72363636363636,-11400,0.0629736358873044,101
35.8836363636364,-2.72363636363636,-16200,0.0515326654759084,35
35.8836363636364,-2.72363636363636,-21000,0,0
35.8836363636364,-2.67636363636364,3000,0,0
35.8836363636364,-2.67636363636364,-1800,-0.0786758005017572,325
35.8836363636364,-2.67636363636364,-6600,0.0643648790113554,202
35.8836363636364,-2.67636363636364,-11400,0.0765409200742541,55
35.8836363636364,-2.67636363636364,-16200,0.0772767367037511,3
35.8836363636364,-2.67636363636364,-21000,0.379284275057397,1
35.8836363636364,-2.62909090909091,3000,0,0
35.8836363636364,-2.62909090909091,-1800,0.0676156334700397,286
35.8836363636364,-2.62909090909091,-6600,0.0808514042663297,214
35.8836363636364,-2.62909090909091,-11400,0.087892095107982,41
35.8836363636364,-2.62909090909091,-16200,0.111280598639218,3
35.8836363636364,-2.62909090909091,-21000,0.137069939814718,2
35.8836363636364,-2.58181818181818,3000,0,0
35.8836363636364,-2.58181818181818,-1800,0.011589248064947,244
35.8836363636364,-2.58181818181818,-6600,0.0167225317722666,108
35.8836363636364,-2.58181818181818,-11400,0.0108803673613378,18
35.8836363636364,-2.58181818181818,-16200,0.023279563860195,11
35.8836363636364,-2.58181818181818,-21000,0,0
35.8836363636364,-2.53454545454545,3000,0,0
35.8836363636364,-2.53454545454545,-1800,0.111172600452504,120
35.8836363636364,-2.53454545454545,-6600,0.10532107725681,34
35.8836363636364,-2.53454545454545,-11400,0.22316853967921,7
35.8836363636364,-2.53454545454545,-16200,0.100146538287594,6
35.8836363636364,-2.53454545454545,-21000,-0.21306484987572,3
35.8836363636364,-2.48727272727273,3000,0,0
35.8836363636364,-2.48727272727273,-1800,0,0
35.8836363636364,-2.48727272727273,-6600,0,0
35.8836363636364,-2.48727272727273,-11400,0,0
35.8836363636364,-2.48727272727273,-16200,0.523665333179061,1
35.8836363636364,-2.48727272727273,-21000,-0.21306484987572,3
35.8836363636364,-2.44,3000,0,0
35.8836363636364,-2.44,-1800,0,0
35.8836363636364,-2.44,-6600,0,0
35.8836363636364,-2.44,-11400,0,0
35.8836363636364,-2.44,-16200,0,0
35.8836363636364,-2.44,-21000,0,0
35.9254545454545,-2.96,3000,0,0
35.9254545454545,-2.96,-1800,0,0
35.9254545454545,-2.96,-6600,0.107991974623483,3
35.9254545454545,-2.96,-11400,0.149188063539329,18
35.9254545454545,-2.96,-16200,-0.132104308128401,1
35.9254545454545,-2.96,-21000,0,0
35.9254545454545,-2.91272727272727,3000,0,0
35.9254545454545,-2.91272727272727,-1800,0,0
35.9254545454545,-2.91272727272727,-6600,-0.0565124549146492,17
35.9254545454545,-2.91272727272727,-11400,0.0193247330741756,76
35.9254545454545,-2.91272727272727,-16200,-0.00783487519301469,8
35.9254545454545,-2.91272727272727,-21000,0,0
35.9254545454545,-2.86545454545455,3000,0,0
35.9254545454545,-2.86545454545455,-1800,0.0244922911241268,39
35.9254545454545,-2.86545454545455,-6600,-0.0837818638591908,82
35.9254545454545,-2.86545454545455,-11400,-0.00605715574831982,149
35.9254545454545,-2.86545454545455,-16200,0.00601142247031558,20
35.9254545454545,-2.86545454545455,-21000,0,0
35.9254545454545,-2.81818181818182,3000,0,0
35.9254545454545,-2.81818181818182,-1800,0.0303493261498585,507
35.9254545454545,-2.81818181818182,-6600,-0.0334383663735918,351
35.9254545454545,-2.81818181818182,-11400,0.0143282550490334,267
35.9254545454545,-2.81818181818182,-16200,-0.0521563376002531,53
35.9254545454545,-2.81818181818182,-21000,0,0
35.9254545454545,-2.77090909090909,3000,0,0
35.9254545454545,-2.77090909090909,-1800,0.0483364319310849,396
35.9254545454545,-2.77090909090909,-6600,0.0181982040269512,481
35.9254545454545,-2.77090909090909,-11400,-0.0155592477009761,467
35.9254545454545,-2.77090909090909,-16200,-0.0348245342541601,228
35.9254545454545,-2.77090909090909,-21000,0,0
35.9254545454545,-2.72363636363636,3000,0,0
35.9254545454545,-2.72363636363636,-1800,0.029071537805984,540
35.9254545454545,-2.72363636363636,-6600,-0.0137206731142357,521
35.9254545454545,-2.72363636363636,-11400,-0.0413420861824528,342
35.9254545454545,-2.72363636363636,-16200,-0.0340601994677964,203
35.9254545454545,-2.72363636363636,-21000,0,0
35.9254545454545,-2.67636363636364,3000,0,0
35.9254545454545,-2.67636363636364,-1800,-0.0950931869171259,278
35.9254545454545,-2.67636363636364,-6600,-0.0412224146145739,368
35.9254545454545,-2.67636363636364,-11400,0.0268571398419363,148
35.9254545454545,-2.67636363636364,-16200,0.177863750485746,21
35.9254545454545,-2.67636363636364,-21000,-0.157888537318898,2
35.9254545454545,-2.62909090909091,3000,0,0
35.9254545454545,-2.62909090909091,-1800,-0.0880966715289277,435
35.9254545454545,-2.62909090909091,-6600,0.00335603834269437,291
35.9254545454545,-2.62909090909091,-11400,0.00212885831248986,87
35.9254545454545,-2.62909090909091,-16200,-0.0570825180831967,16
35.9254545454545,-2.62909090909091,-21000,-0.159489924283525,7
35.9254545454545,-2.58181818181818,3000,0,0
35.9254545454545,-2.58181818181818,-1800,0.08324012824699,43
35.9254545454545,-2.58181818181818,-6600,0.0402340362227748,113
35.9254545454545,-2.58181818181818,-11400,-0.0569337979784852,57
35.9254545454545,-2.58181818181818,-16200,0.0126029307874836,36
35.9254545454545,-2.58181818181818,-21000,0.285589493501939,1
35.9254545454545,-2.53454545454545,3000,0,0
35.9254545454545,-2.53454545454545,-1800,0.118970223546914,20
35.9254545454545,-2.53454545454545,-6600,0.106580323747522,53
35.9254545454545,-2.53454545454545,-11400,0.105815087574628,23
35.9254545454545,-2.53454545454545,-16200,-0.00722833193871812,27
35.9254545454545,-2.53454545454545,-21000,-0.0769854050553261,11
35.9254545454545,-2.48727272727273,3000,0,0
35.9254545454545,-2.48727272727273,-1800,0,0
35.9254545454545,-2.48727272727273,-6600,0.240605005768171,1
35.9254545454545,-2.48727272727273,-11400,0.217366426999523,3
35.9254545454545,-2.48727272727273,-16200,-0.0837300529042021,5
35.9254545454545,-2.48727272727273,-21000,-0.0968230599331301,7
35.9254545454545,-2.44,3000,0,0
35.9254545454545,-2.44,-1800,0,0
35.9254545454545,-2.44,-6600,0,0
35.9254545454545,-2.44,-11400,0,0
35.9254545454545,-2.44,-16200,0,0
35.9254545454545,-2.44,-21000,0,0
35.9672727272727,-2.96,3000,0,0
35.9672727272727,-2.96,-1800,0,0
35.9672727272727,-2.96,-6600,0.0204854658396784,1
35.9672727272727,-2.96,-11400,0.390342509870567,1
35.9672727272727,-2.96,-16200,-0.192554201620745,7
35.9672727272727,-2.96,-21000,0,0
35.9672727272727,-2.91272727272727,3000,0,0
35.9672727272727,-2.91272727272727,-1800,0,0
35.9672727272727,-2.91272727272727,-6600,0.279291543977775,5
35.9672727272727,-2.91272727272727,-11400,0.144662550982158,51
35.9672727272727,-2.91272727272727,-16200,-0.171728526267305,9
35.9672727272727,-2.91272727272727,-21000,-0.235400385004366,2
35.9672727272727,-2.86545454545455,3000,0,0
35.9672727272727,-2.86545454545455,-1800,0.0068778402968322,158
35.9672727272727,-2.86545454545455,-6600,-0.0269597270996968,96
35.9672727272727,-2.86545454545455,-11400,0.033717119218961,101
35.9672727272727,-2.86545454545455,-16200,-0.25821382842525,8
35.9672727272727,-2.86545454545455,-21000,0,0
35.9672727272727,-2.81818181818182,3000,0,0
35.9672727272727,-2.81818181818182,-1800,0.0752937571083831,384
35.9672727272727,-2.81818181818182,-6600,0.0229879433820765,423
35.9672727272727,-2.81818181818182,-11400,0.0289400824637512,236
35.9672727272727,-2.81818181818182,-16200,-0.191524729697854,20
35.9672727272727,-2.81818181818182,-21000,-0.264261763749286,1
35.9672727272727,-2.77090909090909,3000,0,0
35.9672727272727,-2.77090909090909,-1800,0.112524299875855,433
35.9672727272727,-2.77090909090909,-6600,0.0665030226033581,717
35.9672727272727,-2.77090909090909,-11400,-0.00603137192627501,770
35.9672727272727,-2.77090909090909,-16200,-0.0347848854192878,163
35.9672727272727,-2.77090909090909,-21000,-0.0100842251976889,50
35.9672727272727,-2.72363636363636,3000,0,0
35.9672727272727,-2.72363636363636,-1800,0.0887450999580529,557
35.9672727272727,-2.72363636363636,-6600,-0.0112517461530352,855
35.9672727272727,-2.72363636363636,-11400,-0.0679822929767415,467
35.9672727272727,-2.72363636363636,-16200,-0.070113469306383,118
35.9672727272727,-2.72363636363636,-21000,0,0
35.9672727272727,-2.67636363636364,3000,0,0
35.9672727272727,-2.67636363636364,-1800,-0.137684266663642,741
35.9672727272727,-2.67636363636364,-6600,-0.0881252522026083,786
35.9672727272727,-2.67636363636364,-11400,-0.0394615634729576,182
35.9672727272727,-2.67636363636364,-16200,0.000186722658668023,47
35.9672727272727,-2.67636363636364,-21000,-0.00291718215234439,3
35.9672727272727,-2.62909090909091,3000,0,0
35.9672727272727,-2.62909090909091,-1800,-0.0970857496164008,339
35.9672727272727,-2.62909090909091,-6600,-0.0586598510894248,497
35.9672727272727,-2.62909090909091,-11400,-0.045851485093798,158
35.9672727272727,-2.62909090909091,-16200,-0.0539095684150863,55
35.9672727272727,-2.62909090909091,-21000,-0.0228806986589118,17
35.9672727272727,-2.58181818181818,3000,0,0
35.9672727272727,-2.58181818181818,-1800,0.0156369026660035,17
35.9672727272727,-2.58181818181818,-6600,-0.0269664443927544,153
35.9672727272727,-2.58181818181818,-11400,-0.0848542086999354,131
35.9672727272727,-2.58181818181818,-16200,-0.0701110573577139,62
35.9672727272727,-2.58181818181818,-21000,-0.135345246650231,7
35.9672727272727,-2.53454545454545,3000,0,0
35.9672727272727,-2.53454545454545,-1800,-0.400906830911944,1
35.9672727272727,-2.53454545454545,-6600,0.071481111877924,65
35.9672727272727,-2.53454545454545,-11400,-0.0119340867072517,74
35.9672727272727,-2.53454545454545,-16200,-0.0924568246191414,69
35.9672727272727,-2.53454545454545,-21000,-0.042011247084217,44
35.9672727272727,-2.48727272727273,3000,0,0
35.9672727272727,-2.48727272727273,-1800,0,0
35.9672727272727,-2.48727272727273,-6600,0.109348847088138,11
35.9672727272727,-2.48727272727273,-11400,0.142712747269995,22
35.9672727272727,-2.48727272727273,-16200,-0.139903672411165,8
35.9672727272727,-2.48727272727273,-21000,-0.049501003023428,9
35.9672727272727,-2.44,3000,0,0
35.9672727272727,-2.44,-1800,0,0
35.9672727272727,-2.44,-6600,0,0
35.9672727272727,-2.44,-11400,0,0
35.9672727272727,-2.44,-16200,0,0
35.9672727272727,-2.44,-21000,0,0
36.0090909090909,-2.96,3000,0,0
36.0090909090909,-2.96,-1800,0,0
36.0090909090909,-2.96,-6600,0.114996412855638,4
36.0090909090909,-2.96,-11400,0,0
36.0090909090909,-2.96,-16200,0.0301000476687168,1
36.0090909090909,-2.96,-21000,-0.169908075918115,16
36.0090909090909,-2.91272727272727,3000,0,0
36.0090909090909,-2.91272727272727,-1800,0,0
36.0090909090909,-2.91272727272727,-6600,0.20746067386336,4
36.0090909090909,-2.91272727272727,-11400,0.0470740566814898,21
36.0090909090909,-2.91272727272727,-16200,-0.107009976460259,24
36.0090909090909,-2.91272727272727,-21000,-0.183241950823904,15
36.0090909090909,-2.86545454545455,3000,0,0
36.0090909090909,-2.86545454545455,-1800,0.166888101639796,37
36.0090909090909,-2.86545454545455,-6600,0.0766241090979548,66
36.0090909090909,-2.86545454545455,-11400,0.0241182325836978,46
36.0090909090909,-2.86545454545455,-16200,-0.259494992846045,12
36.0090909090909,-2.86545454545455,-21000,-0.246801586864599,5
36.0090909090909,-2.81818181818182,3000,0,0
36.0090909090909,-2.81818181818182,-1800,0.0584646880481274,221
36.0090909090909,-2.81818181818182,-6600,0.0497936054447188,359
36.0090909090909,-2.81818181818182,-11400,0.0753624654878106,155
36.0090909090909,-2.81818181818182,-16200,-0.00162635493546407,32
36.0090909090909,-2.81818181818182,-21000,-0.35713367913232,2
36.0090909090909,-2.77090909090909,3000,0,0
36.0090909090909,-2.77090909090909,-1800,-0.0235922125034986,614
36.0090909090909,-2.77090909090909,-6600,0.0280057554041584,712
36.0090909090909,-2.77090909090909,-11400,-0.0233716905681235,703
36.0090909090909,-2.77090909090909,-16200,-0.0563704994516908,401
36.0090909090909,-2.77090909090909,-21000,-0.0447107507225664,86
36.0090909090909,-2.72363636363636,3000,0,0
36.0090909090909,-2.72363636363636,-1800,0.156566761637887,157
36.0090909090909,-2.72363636363636,-6600,0.00685550816199355,765
36.0090909090909,-2.72363636363636,-11400,-0.0932576743418928,455
36.0090909090909,-2.72363636363636,-16200,-0.153763165386473,86
36.0090909090909,-2.72363636363636,-21000,0,0
36.0090909090909,-2.67636363636364,3000,0,0
36.0090909090909,-2.67636363636364,-1800,-0.152932887177631,332
36.0090909090909,-2.67636363636364,-6600,-0.0823470950126408,864
36.0090909090909,-2.67636363636364,-11400,-0.0964118982820532,186
36.0090909090909,-2.67636363636364,-16200,0.0654954654176974,10
36.0090909090909,-2.67636363636364,-21000,0,0
36.0090909090909,-2.62909090909091,3000,0,0
36.0090909090909,-2.62909090909091,-1800,-0.131663001510367,357
36.0090909090909,-2.62909090909091,-6600,-0.0951759981686473,608
36.0090909090909,-2.62909090909091,-11400,-0.00810178287213287,188
36.0090909090909,-2.62909090909091,-16200,-0.0269655588019442,8
36.0090909090909,-2.62909090909091,-21000,0,0
36.0090909090909,-2.58181818181818,3000,0,0
36.0090909090909,-2.58181818181818,-1800,-0.14080452334223,368
36.0090909090909,-2.58181818181818,-6600,-0.0905140891589389,351
36.0090909090909,-2.58181818181818,-11400,-0.0406412095618285,309
36.0090909090909,-2.58181818181818,-16200,-0.0262951283336104,44
36.0090909090909,-2.58181818181818,-21000,0,0
36.0090909090909,-2.53454545454545,3000,0,0
36.0090909090909,-2.53454545454545,-1800,0.113429226453284,15
36.0090909090909,-2.53454545454545,-6600,0.0370547237851492,107
36.0090909090909,-2.53454545454545,-11400,-0.0227624401508493,245
36.0090909090909,-2.53454545454545,-16200,-0.0833559971857615,85
36.0090909090909,-2.53454545454545,-21000,0.223292366609549,2
36.0090909090909,-2.48727272727273,3000,0,0
36.0090909090909,-2.48727272727273,-1800,0,0
36.0090909090909,-2.48727272727273,-6600,0.16749292261633,14
36.0090909090909,-2.48727272727273,-11400,0.00777515433546023,9
36.0090909090909,-2.48727272727273,-16200,-0.241512999657851,12
36.0090909090909,-2.48727272727273,-21000,0.140979452065783,3
36.0090909090909,-2.44,3000,0,0
36.0090909090909,-2.44,-1800,0,0
36.0090909090909,-2.44,-6600,0,0
36.0090909090909,-2.44,-11400,0,0
36.0090909090909,-2.44,-16200,0,0
36.0090909090909,-2.44,-21000,0,0
36.0509090909091,-2.96,3000,0,0
36.0509090909091,-2.96,-1800,0,0
36.0509090909091,-2.96,-6600,0,0
36.0509090909091,-2.96,-11400,0,0
36.0509090909091,-2.96,-16200,0,0
36.0509090909091,-2.96,-21000,0.00664969406891414,0
36.0509090909091,-2.91272727272727,3000,0,0
36.0509090909091,-2.91272727272727,-1800,0,0
36.0509090909091,-2.91272727272727,-6600,0,0
36.0509090909091,-2.91272727272727,-11400,-0.0306053253215955,6
36.0509090909091,-2.91272727272727,-16200,-0.125738633394751,4
36.0509090909091,-2.91272727272727,-21000,-0.0567747585407004,1
36.0509090909091,-2.86545454545455,3000,0,0
36.0509090909091,-2.86545454545455,-1800,0.145352683207908,290
36.0509090909091,-2.86545454545455,-6600,-0.00632380719663738,16
36.0509090909091,-2.86545454545455,-11400,-0.0661854793524739,23
36.0509090909091,-2.86545454545455,-16200,-0.00803529201031916,5
36.0509090909091,-2.86545454545455,-21000,-0.148575088208865,9
36.0509090909091,-2.81818181818182,3000,0,0
36.0509090909091,-2.81818181818182,-1800,0.122130668007231,306
36.0509090909091,-2.81818181818182,-6600,0.111697981166366,228
36.0509090909091,-2.81818181818182,-11400,0.0229002690711073,69
36.0509090909091,-2.81818181818182,-16200,-0.0111268615871865,3
36.0509090909091,-2.81818181818182,-21000,-0.158183600050432,5
36.0509090909091,-2.77090909090909,3000,0,0
36.0509090909091,-2.77090909090909,-1800,-0.0372962587323203,667
36.0509090909091,-2.77090909090909,-6600,0.0136096666747389,694
36.0509090909091,-2.77090909090909,-11400,0.0144923835117868,286
36.0509090909091,-2.77090909090909,-16200,0.0333663169682203,61
36.0509090909091,-2.77090909090909,-21000,-0.183345147891094,8
36.0509090909091,-2.72363636363636,3000,0,0
36.0509090909091,-2.72363636363636,-1800,0.0833453145299698,62
36.0509090909091,-2.72363636363636,-6600,0.0271201769478649,833
36.0509090909091,-2.72363636363636,-11400,-0.0029733529372777,591
36.0509090909091,-2.72363636363636,-16200,-0.0207423309645053,65
36.0509090909091,-2.72363636363636,-21000,0,0
36.0509090909091,-2.67636363636364,3000,0,0
36.0509090909091,-2.67636363636364,-1800,-0.111871721340631,59
36.0509090909091,-2.67636363636364,-6600,-0.0291089363365157,901
36.0509090909091,-2.67636363636364,-11400,-0.0245196386407502,348
36.0509090909091,-2.67636363636364,-16200,-0.0729793432463336,10
36.0509090909091,-2.67636363636364,-21000,0,0
36.0509090909091,-2.62909090909091,3000,0,0
36.0509090909091,-2.62909090909091,-1800,-0.185284129282489,107
36.0509090909091,-2.62909090909091,-6600,-0.102854433658345,470
36.0509090909091,-2.62909090909091,-11400,0.00140470401268026,154
36.0509090909091,-2.62909090909091,-16200,-0.0769029681097464,3
36.0509090909091,-2.62909090909091,-21000,0,0
36.0509090909091,-2.58181818181818,3000,0,0
36.0509090909091,-2.58181818181818,-1800,-0.164101865191542,148
36.0509090909091,-2.58181818181818,-6600,-0.109187778623694,198
36.0509090909091,-2.58181818181818,-11400,0.0242457680237367,218
36.0509090909091,-2.58181818181818,-16200,0.0196394165101339,28
36.0509090909091,-2.58181818181818,-21000,0,0
36.0509090909091,-2.53454545454545,3000,0,0
36.0509090909091,-2.53454545454545,-1800,0.002609705845635,4
36.0509090909091,-2.53454545454545,-6600,0.0583990979067627,99
36.0509090909091,-2.53454545454545,-11400,0.0367698831607906,442
36.0509090909091,-2.53454545454545,-16200,-0.0129719810719793,158
36.0509090909091,-2.53454545454545,-21000,0,0
36.0509090909091,-2.48727272727273,3000,0,0
36.0509090909091,-2.48727272727273,-1800,0,0
36.0509090909091,-2.48727272727273,-6600,0.192793762389738,76
36.0509090909091,-2.48727272727273,-11400,0.0941699813605012,130
36.0509090909091,-2.48727272727273,-16200,-0.139547598891312,38
36.0509090909091,-2.48727272727273,-21000,-0.132567530662335,5
36.0509090909091,-2.44,3000,0,0
36.0509090909091,-2.44,-1800,0,0
36.0509090909091,-2.44,-6600,0,0
36.0509090909091,-2.44,-11400,0,0
36.0509090909091,-2.44,-16200,0,0
36.0509090909091,-2.44,-21000,0,0
36.0927272727273,-2.96,3000,0,0
36.0927272727273,-2.96,-1800,0,0
36.0927272727273,-2.96,-6600,0,0
36.0927272727273,-2.96,-11400,0,0
36.0927272727273,-2.96,-16200,0,0
36.0927272727273,-2.96,-21000,0.268877227456818,1
36.0927272727273,-2.91272727272727,3000,0,0
36.0927272727273,-2.91272727272727,-1800,0,0
36.0927272727273,-2.91272727272727,-6600,0,0
36.0927272727273,-2.91272727272727,-11400,-0.0328236353773945,3
36.0927272727273,-2.91272727272727,-16200,0.0969116966683464,2
36.0927272727273,-2.91272727272727,-21000,0.268877227456818,1
36.0927272727273,-2.86545454545455,3000,0,0
36.0927272727273,-2.86545454545455,-1800,-0.186343519521463,2
36.0927272727273,-2.86545454545455,-6600,-0.0295942071351871,8
36.0927272727273,-2.86545454545455,-11400,-0.141841524208077,13
36.0927272727273,-2.86545454545455,-16200,0.268877227456818,1
36.0927272727273,-2.86545454545455,-21000,0,0
36.0927272727273,-2.81818181818182,3000,0,0
36.0927272727273,-2.81818181818182,-1800,0.188176417137157,11
36.0927272727273,-2.81818181818182,-6600,0.13378238700732,41
36.0927272727273,-2.81818181818182,-11400,0.0989408963608396,10
36.0927272727273,-2.81818181818182,-16200,0.0942744385356581,6
36.0927272727273,-2.81818181818182,-21000,-0.0499448458107051,1
36.0927272727273,-2.77090909090909,3000,0,0
36.0927272727273,-2.77090909090909,-1800,0.0264036308426226,255
36.0927272727273,-2.77090909090909,-6600,0.0374556283114161,365
36.0927272727273,-2.77090909090909,-11400,-0.035160336141221,138
36.0927272727273,-2.77090909090909,-16200,-0.117408829240945,5
36.0927272727273,-2.77090909090909,-21000,0,0
36.0927272727273,-2.72363636363636,3000,0,0
36.0927272727273,-2.72363636363636,-1800,0.084349122711088,215
36.0927272727273,-2.72363636363636,-6600,0.0382407298039947,738
36.0927272727273,-2.72363636363636,-11400,0.00671279429339093,500
36.0927272727273,-2.72363636363636,-16200,0.0204561476264709,14
36.0927272727273,-2.72363636363636,-21000,0,0
36.0927272727273,-2.67636363636364,3000,0,0
36.0927272727273,-2.67636363636364,-1800,0.0434903459045691,84
36.0927272727273,-2.67636363636364,-6600,-0.00514409397559604,921
36.0927272727273,-2.67636363636364,-11400,-0.0124938616702975,444
36.0927272727273,-2.67636363636364,-16200,-0.288525637428519,1
36.0927272727273,-2.67636363636364,-21000,0,0
36.0927272727273,-2.62909090909091,3000,0,0
36.0927272727273,-2.62909090909091,-1800,-0.0612815600446075,55
36.0927272727273,-2.62909090909091,-6600,-0.045251489325569,480
36.0927272727273,-2.62909090909091,-11400,-0.0421935867199675,292
36.0927272727273,-2.62909090909091,-16200,-0.133279464071123,16
36.0927272727273,-2.62909090909091,-21000,0,0
36.0927272727273,-2.58181818181818,3000,0,0
36.0927272727273,-2.58181818181818,-1800,-0.200268313289888,14
36.0927272727273,-2.58181818181818,-6600,-0.00533133605656283,180
36.0927272727273,-2.58181818181818,-11400,0.0822077793480614,180
36.0927272727273,-2.58181818181818,-16200,-0.0327576438281787,5
36.0927272727273,-2.58181818181818,-21000,0,0
36.0927272727273,-2.53454545454545,3000,0,0
36.0927272727273,-2.53454545454545,-1800,-0.17854451122446,2
36.0927272727273,-2.53454545454545,-6600,0.267838659662941,25
36.0927272727273,-2.53454545454545,-11400,0.154657695481639,118
36.0927272727273,-2.53454545454545,-16200,0.169375797838906,14
36.0927272727273,-2.53454545454545,-21000,0,0
36.0927272727273,-2.48727272727273,3000,0,0
36.0927272727273,-2.48727272727273,-1800,0,0
36.0927272727273,-2.48727272727273,-6600,0.330849896136766,6
36.0927272727273,-2.48727272727273,-11400,-0.0154812096878342,28
36.0927272727273,-2.48727272727273,-16200,-0.259525306765568,17
36.0927272727273,-2.48727272727273,-21000,0,0
36.0927272727273,-2.44,3000,0,0
36.0927272727273,-2.44,-1800,0,0
36.0927272727273,-2.44,-6600,0,0
36.0927272727273,-2.44,-11400,0,0
36.0927272727273,-2.44,-16200,0,0
36.0927272727273,-2.44,-21000,0,0
36.1345454545455,-2.96,3000,0,0
36.1345454545455,-2.96,-1800,0,0
36.1345454545455,-2.96,-6600,0,0
36.1345454545455,-2.96,-11400,0,0
36.1345454545455,-2.96,-16200,0,0
36.1345454545455,-2.96,-21000,0,0
36.1345454545455,-2.91272727272727,3000,0,0
36.1345454545455,-2.91272727272727,-1800,0,0
36.1345454545455,-2.91272727272727,-6600,0,0
36.1345454545455,-2.91272727272727,-11400,-0.132750135244746,3
36.1345454545455,-2.91272727272727,-16200,-0.118326059963591,4
36.1345454545455,-2.91272727272727,-21000,0,0
36.1345454545455,-2.86545454545455,3000,0,0
36.1345454545455,-2.86545454545455,-1800,0,0
36.1345454545455,-2.86545454545455,-6600,0.0124317974137337,6
36.1345454545455,-2.86545454545455,-11400,-0.168006923549289,7
36.1345454545455,-2.86545454545455,-16200,0,0
36.1345454545455,-2.86545454545455,-21000,0,0
36.1345454545455,-2.81818181818182,3000,0,0
36.1345454545455,-2.81818181818182,-1800,0,0
36.1345454545455,-2.81818181818182,-6600,0.0667993538441432,8
36.1345454545455,-2.81818181818182,-11400,-0.175005557530489,7
36.1345454545455,-2.81818181818182,-16200,-0.1064215449978,10
36.1345454545455,-2.81818181818182,-21000,0,0
36.1345454545455,-2.77090909090909,3000,0,0
36.1345454545455,-2.77090909090909,-1800,0.115726229816619,90
36.1345454545455,-2.77090909090909,-6600,0.0212876187592016,59
36.1345454545455,-2.77090909090909,-11400,-0.0361466315396685,86
36.1345454545455,-2.77090909090909,-16200,-0.238958398090627,6
36.1345454545455,-2.77090909090909,-21000,0,0
36.1345454545455,-2.72363636363636,3000,0,0
36.1345454545455,-2.72363636363636,-1800,0.130548871032637,562
36.1345454545455,-2.72363636363636,-6600,0.0874978456975727,415
36.1345454545455,-2.72363636363636,-11400,0.010640057314503,242
36.1345454545455,-2.72363636363636,-16200,0,0
36.1345454545455,-2.72363636363636,-21000,0,0
36.1345454545455,-2.67636363636364,3000,0,0
36.1345454545455,-2.67636363636364,-1800,0.112611511384786,375
36.1345454545455,-2.67636363636364,-6600,0.0420970604170598,647
36.1345454545455,-2.67636363636364,-11400,0.00616401588503219,219
36.1345454545455,-2.67636363636364,-16200,0,0
36.1345454545455,-2.67636363636364,-21000,0,0
36.1345454545455,-2.62909090909091,3000,0,0
36.1345454545455,-2.62909090909091,-1800,0.00742590083120759,291
36.1345454545455,-2.62909090909091,-6600,0.0661551185601235,472
36.1345454545455,-2.62909090909091,-11400,0.00287728575259404,265
36.1345454545455,-2.62909090909091,-16200,-0.0370775529796109,15
36.1345454545455,-2.62909090909091,-21000,0,0
36.1345454545455,-2.58181818181818,3000,0,0
36.1345454545455,-2.58181818181818,-1800,0.0212791928841663,19
36.1345454545455,-2.58181818181818,-6600,0.0392645190642147,267
36.1345454545455,-2.58181818181818,-11400,0.0491658018476987,160
36.1345454545455,-2.58181818181818,-16200,0.183337431076547,3
36.1345454545455,-2.58181818181818,-21000,0,0
36.1345454545455,-2.53454545454545,3000,0,0
36.1345454545455,-2.53454545454545,-1800,-0.264222785935531,4
36.1345454545455,-2.53454545454545,-6600,0.0171698701538601,65
36.1345454545455,-2.53454545454545,-11400,-0.00970622227203039,31
36.1345454545455,-2.53454545454545,-16200,0.366501531701968,2
36.1345454545455,-2.53454545454545,-21000,0,0
36.1345454545455,-2.48727272727273,3000,0,0
36.1345454545455,-2.48727272727273,-1800,-0.342742224179266,1
36.1345454545455,-2.48727272727273,-6600,0,0
36.1345454545455,-2.48727272727273,-11400,-0.418123968909541,1
36.1345454545455,-2.48727272727273,-16200,0,0
36.1345454545455,-2.48727272727273,-21000,0,0
36.1345454545455,-2.44,3000,0,0
36.1345454545455,-2.44,-1800,0,0
36.1345454545455,-2.44,-6600,0,0
36.1345454545455,-2.44,-11400,0,0
36.1345454545455,-2.44,-16200,0,0
36.1345454545455,-2.44,-21000,0,0
36.1763636363636,-2.96,3000,0,0
36.1763636363636,-2.96,-1800,0,0
36.1763636363636,-2.96,-6600,0,0
36.1763636363636,-2.96,-11400,0,0
36.1763636363636,-2.96,-16200,-0.0847892269115137,6
36.1763636363636,-2.96,-21000,0,0
36.1763636363636,-2.91272727272727,3000,0,0
36.1763636363636,-2.91272727272727,-1800,0,0
36.1763636363636,-2.91272727272727,-6600,0,0
36.1763636363636,-2.91272727272727,-11400,0,0
36.1763636363636,-2.91272727272727,-16200,-0.0847892269115137,6
36.1763636363636,-2.91272727272727,-21000,0,0
36.1763636363636,-2.86545454545455,3000,0,0
36.1763636363636,-2.86545454545455,-1800,0,0
36.1763636363636,-2.86545454545455,-6600,-0.120318527236328,5
36.1763636363636,-2.86545454545455,-11400,-0.155976779322445,18
36.1763636363636,-2.86545454545455,-16200,-0.0177155608073592,2
36.1763636363636,-2.86545454545455,-21000,0,0
36.1763636363636,-2.81818181818182,3000,0,0
36.1763636363636,-2.81818181818182,-1800,0,0
36.1763636363636,-2.81818181818182,-6600,-0.0302597581194697,8
36.1763636363636,-2.81818181818182,-11400,-0.157939196645837,9
36.1763636363636,-2.81818181818182,-16200,0,0
36.1763636363636,-2.81818181818182,-21000,0,0
36.1763636363636,-2.77090909090909,3000,0,0
36.1763636363636,-2.77090909090909,-1800,-0.0868523573335497,2
36.1763636363636,-2.77090909090909,-6600,0.0797500385482406,13
36.1763636363636,-2.77090909090909,-11400,-0.0856525000190359,14
36.1763636363636,-2.77090909090909,-16200,0,0
36.1763636363636,-2.77090909090909,-21000,0,0
36.1763636363636,-2.72363636363636,3000,0,0
36.1763636363636,-2.72363636363636,-1800,0.277451110631252,364
36.1763636363636,-2.72363636363636,-6600,-0.0153797936830024,29
36.1763636363636,-2.72363636363636,-11400,-0.195821212805831,5
36.1763636363636,-2.72363636363636,-16200,0,0
36.1763636363636,-2.72363636363636,-21000,0,0
36.1763636363636,-2.67636363636364,3000,0,0
36.1763636363636,-2.67636363636364,-1800,0.181457593906932,277
36.1763636363636,-2.67636363636364,-6600,0.000277422379942848,110
36.1763636363636,-2.67636363636364,-11400,0.118237712175751,8
36.1763636363636,-2.67636363636364,-16200,0,0
36.1763636363636,-2.67636363636364,-21000,0,0
36.1763636363636,-2.62909090909091,3000,0,0
36.1763636363636,-2.62909090909091,-1800,-0.0283931134390348,390
36.1763636363636,-2.62909090909091,-6600,0.0201973119109312,138
36.1763636363636,-2.62909090909091,-11400,0.0259332983445107,5
36.1763636363636,-2.62909090909091,-16200,0.00974430768024463,1
36.1763636363636,-2.62909090909091,-21000,0,0
36.1763636363636,-2.58181818181818,3000,0,0
36.1763636363636,-2.58181818181818,-1800,-0.0770694180571191,11
36.1763636363636,-2.58181818181818,-6600,-0.0362061728358471,57
36.1763636363636,-2.58181818181818,-11400,-0.0102999031651319,27
36.1763636363636,-2.58181818181818,-16200,-0.0684251895053697,4
36.1763636363636,-2.58181818181818,-21000,0,0
36.1763636363636,-2.53454545454545,3000,0,0
36.1763636363636,-2.53454545454545,-1800,-0.238049639854286,3
36.1763636363636,-2.53454545454545,-6600,0.0399280874112813,19
36.1763636363636,-2.53454545454545,-11400,-0.0654241722783906,14
36.1763636363636,-2.53454545454545,-16200,0.0779220440943497,7
36.1763636363636,-2.53454545454545,-21000,0,0
36.1763636363636,-2.48727272727273,3000,0,0
36.1763636363636,-2.48727272727273,-1800,-0.264222785935531,4
36.1763636363636,-2.48727272727273,-6600,0,0
36.1763636363636,-2.48727272727273,-11400,0,0
36.1763636363636,-2.48727272727273,-16200,0,0
36.1763636363636,-2.48727272727273,-21000,0,0
36.1763636363636,-2.44,3000,0,0
36.1763636363636,-2.44,-1800,0,0
36.1763636363636,-2.44,-6600,0,0
36.1763636363636,-2.44,-11400,0,0
36.1763636363636,-2.44,-16200,0,0
36.1763636363636,-2.44,-21000,0,0
36.2181818181818,-2.96,3000,0,0
36.2181818181818,-2.96,-1800,0,0
36.2181818181818,-2.96,-6600,0,0
36.2181818181818,-2.96,-11400,0,0
36.2181818181818,-2.96,-16200,0,0
36.2181818181818,-2.96,-21000,0,0
36.2181818181818,-2.91272727272727,3000,0,0
36.2181818181818,-2.91272727272727,-1800,0,0
36.2181818181818,-2.91272727272727,-6600,0,0
36.2181818181818,-2.91272727272727,-11400,0,0
36.2181818181818,-2.91272727272727,-16200,0,0
36.2181818181818,-2.91272727272727,-21000,0,0
36.2181818181818,-2.86545454545455,3000,0,0
36.2181818181818,-2.86545454545455,-1800,0,0
36.2181818181818,-2.86545454545455,-6600,0,0
36.2181818181818,-2.86545454545455,-11400,-0.285795108057634,6
36.2181818181818,-2.86545454545455,-16200,0,0
36.2181818181818,-2.86545454545455,-21000,0,0
36.2181818181818,-2.81818181818182,3000,0,0
36.2181818181818,-2.81818181818182,-1800,0,0
36.2181818181818,-2.81818181818182,-6600,0.323714968365566,2
36.2181818181818,-2.81818181818182,-11400,-0.0703510896452796,3
36.2181818181818,-2.81818181818182,-16200,0,0
36.2181818181818,-2.81818181818182,-21000,0,0
36.2181818181818,-2.77090909090909,3000,0,0
36.2181818181818,-2.77090909090909,-1800,0,0
36.2181818181818,-2.77090909090909,-6600,0.290239193730785,8
36.2181818181818,-2.77090909090909,-11400,-0.154325688937346,11
36.2181818181818,-2.77090909090909,-16200,0,0
36.2181818181818,-2.77090909090909,-21000,0,0
36.2181818181818,-2.72363636363636,3000,0,0
36.2181818181818,-2.72363636363636,-1800,0,0
36.2181818181818,-2.72363636363636,-6600,0,0
36.2181818181818,-2.72363636363636,-11400,-0.0582505816446904,2
36.2181818181818,-2.72363636363636,-16200,0,0
36.2181818181818,-2.72363636363636,-21000,0,0
36.2181818181818,-2.67636363636364,3000,0,0
36.2181818181818,-2.67636363636364,-1800,0,0
36.2181818181818,-2.67636363636364,-6600,0,0
36.2181818181818,-2.67636363636364,-11400,0,0
36.2181818181818,-2.67636363636364,-16200,0,0
36.2181818181818,-2.67636363636364,-21000,0,0
36.2181818181818,-2.62909090909091,3000,0,0
36.2181818181818,-2.62909090909091,-1800,0,0
36.2181818181818,-2.62909090909091,-6600,0,0
36.2181818181818,-2.62909090909091,-11400,0,0
36.2181818181818,-2.62909090909091,-16200,0,0
36.2181818181818,-2.62909090909091,-21000,0,0
36.2181818181818,-2.58181818181818,3000,0,0
36.2181818181818,-2.58181818181818,-1800,0,0
36.2181818181818,-2.58181818181818,-6600,0,0
36.2181818181818,-2.58181818181818,-11400,0.179673076204649,2
36.2181818181818,-2.58181818181818,-16200,0,0
36.2181818181818,-2.58181818181818,-21000,0,0
36.2181818181818,-2.53454545454545,3000,0,0
36.2181818181818,-2.53454545454545,-1800,0,0
36.2181818181818,-2.53454545454545,-6600,0,0
36.2181818181818,-2.53454545454545,-11400,0.179673076204649,2
36.2181818181818,-2.53454545454545,-16200,0.100533384563305,9
36.2181818181818,-2.53454545454545,-21000,0,0
36.2181818181818,-2.48727272727273,3000,0,0
36.2181818181818,-2.48727272727273,-1800,0,0
36.2181818181818,-2.48727272727273,-6600,0,0
36.2181818181818,-2.48727272727273,-11400,0,0
36.2181818181818,-2.48727272727273,-16200,0,0
36.2181818181818,-2.48727272727273,-21000,0,0
36.2181818181818,-2.44,3000,0,0
36.2181818181818,-2.44,-1800,0,0
36.2181818181818,-2.44,-6600,0,0
36.2181818181818,-2.44,-11400,0,0
36.2181818181818,-2.44,-16200,0,0
36.2181818181818,-2.44,-21000,0,0
36.26,-2.96,3000,0,0
36.26,-2.96,-1800,0,0
36.26,-2.96,-6600,0,0
36.26,-2.96,-11400,0,0
36.26,-2.96,-16200,0,0
36.26,-2.96,-21000,0,0
36.26,-2.91272727272727,3000,0,0
36.26,-2.91272727272727,-1800,0,0
36.26,-2.91272727272727,-6600,0,0
36.26,-2.91272727272727,-11400,0,0
36.26,-2.91272727272727,-16200,0,0
36.26,-2.91272727272727,-21000,0,0
36.26,-2.86545454545455,3000,0,0
36.26,-2.86545454545455,-1800,0,0
36.26,-2.86545454545455,-6600,0,0
36.26,-2.86545454545455,-11400,0,0
36.26,-2.86545454545455,-16200,0,0
36.26,-2.86545454545455,-21000,0,0
36.26,-2.81818181818182,3000,0,0
36.26,-2.81818181818182,-1800,0,0
36.26,-2.81818181818182,-6600,0,0
36.26,-2.81818181818182,-11400,0,0
36.26,-2.81818181818182,-16200,0,0
36.26,-2.81818181818182,-21000,0,0
36.26,-2.77090909090909,3000,0,0
36.26,-2.77090909090909,-1800,0,0
36.26,-2.77090909090909,-6600,0,0
36.26,-2.77090909090909,-11400,0,0
36.26,-2.77090909090909,-16200,0,0
36.26,-2.77090909090909,-21000,0,0
36.26,-2.72363636363636,3000,0,0
36.26,-2.72363636363636,-1800,0,0
36.26,-2.72363636363636,-6600,0,0
36.26,-2.72363636363636,-11400,0,0
36.26,-2.72363636363636,-16200,0,0
36.26,-2.72363636363636,-21000,0,0
36.26,-2.67636363636364,3000,0,0
36.26,-2.67636363636364,-1800,0,0
36.26,-2.67636363636364,-6600,0,0
36.26,-2.67636363636364,-11400,0,0
36.26,-2.67636363636364,-16200,0,0
36.26,-2.67636363636364,-21000,0,0
36.26,-2.62909090909091,3000,0,0
36.26,-2.62909090909091,-1800,0,0
36.26,-2.62909090909091,-6600,0,0
36.26,-2.62909090909091,-11400,0,0
36.26,-2.62909090909091,-16200,0,0
36.26,-2.62909090909091,-21000,0,0
36.26,-2.58181818181818,3000,0,0
36.26,-2.58181818181818,-1800,0,0
36.26,-2.58181818181818,-6600,0,0
36.26,-2.58181818181818,-11400,0,0
36.26,-2.58181818181818,-16200,0,0
36.26,-2.58181818181818,-21000,0,0
36.26,-2.53454545454545,3000,0,0
36.26,-2.53454545454545,-1800,0,0
36.26,-2.53454545454545,-6600,0,0
36.26,-2.53454545454545,-11400,0,0
36.26,-2.53454545454545,-16200,0,0
36.26,-2.53454545454545,-21000,0,0
36.26,-2.48727272727273,3000,0,0
36.26,-2.48727272727273,-1800,0,0
36.26,-2.48727272727273,-6600,0,0
36.26,-2.48727272727273,-11400,0,0
36.26,-2.48727272727273,-16200,0,0
36.26,-2.48727272727273,-21000,0,0
36.26,-2.44,3000,0,0
36.26,-2.44,-1800,0,0
36.26,-2.44,-6600,0,0
36.26,-2.44,-11400,0,0
36.26,-2.44,-16200,0,0
36.26,-2.44,-21000,0,0
